Node,ObjVal
90001.0,1e+20
90002.0,3.183231456205249e-12
90003.0,0.0
90004.0,1e+20
90005.0,0.0
90006.0,1e+20
90007.0,1e+20
90008.0,1e+20
90009.0,0.0
90010.0,0.0
90011.0,0.0
90012.0,1e+20
90013.0,1e+20
90014.0,0.0
90015.0,0.0
90016.0,0.0
90017.0,0.0
90018.0,0.0
90019.0,1e+20
90020.0,1e+20
90021.0,1e+20
90022.0,1e+20
90023.0,0.0
90024.0,1e+20
90025.0,1e+20
90026.0,1e+20
90027.0,0.0
90028.0,0.0
90029.0,0.3519514420931955
90030.0,0.420872949524437
90031.0,1e+20
90032.0,1e+20
90033.0,0.0
90034.0,0.0
90035.0,0.0
90036.0,0.0
90037.0,1e+20
90038.0,0.0
90039.0,0.0
90040.0,1e+20
90041.0,1e+20
90042.0,0.0
90043.0,0.0
90044.0,1e+20
90045.0,0.0
90046.0,1e+20
90047.0,1e+20
90048.0,0.0
90049.0,0.0
90050.0,0.0
90051.0,1e+20
90052.0,0.0
90053.0,1e+20
90054.0,1e+20
90055.0,0.0
90056.0,0.0
90057.0,1e+20
90058.0,1e+20
90059.0,0.0
90060.0,0.0
90061.0,1e+20
90062.0,1.5139504080912047
90063.0,1e+20
90064.0,1e+20
90065.0,0.0
90066.0,0.0
90067.0,1e+20
90068.0,0.0
90069.0,1e+20
90070.0,0.0
90071.0,0.0
90072.0,1e+20
90073.0,1e+20
90074.0,0.0
90075.0,0.0
90076.0,1e+20
90077.0,0.0
90078.0,1e+20
90079.0,1e+20
90080.0,1e+20
90081.0,0.0
90082.0,0.0
90083.0,0.0
90084.0,1e+20
90085.0,-2.7284841053187847e-12
90086.0,1e+20
90087.0,0.0
90088.0,1e+20
90089.0,1e+20
90090.0,0.0
90091.0,0.0
90092.0,0.0
90093.0,0.0
90094.0,1e+20
90095.0,0.0
90096.0,0.0
90097.0,0.0
90098.0,0.0
90099.0,0.0
90100.0,1e+20
90101.0,1e+20
90102.0,0.0
90103.0,0.0
90104.0,1e+20
90105.0,0.0
90106.0,1e+20
90107.0,1e+20
90108.0,0.0
90109.0,0.0
90110.0,0.0
90111.0,1e+20
90112.0,0.0
90113.0,1e+20
90114.0,0.0
90115.0,1e+20
90116.0,1e+20
90117.0,0.0
90118.0,0.0
90119.0,0.0
90120.0,1e+20
90121.0,1e+20
90122.0,1e+20
90123.0,1e+20
90124.0,0.0
90125.0,1e+20
90126.0,0.0
90127.0,0.0
90128.0,1e+20
90129.0,1e+20
90130.0,0.0
90131.0,0.0
90132.0,1e+20
90133.0,0.0
90134.0,1e+20
90135.0,1e+20
90136.0,0.0
90137.0,0.0
90138.0,1e+20
90139.0,0.0
90140.0,1e+20
90141.0,0.0
90142.0,1e+20
90143.0,1e+20
90144.0,1e+20
90145.0,0.0
90146.0,0.0
90147.0,0.0
90148.0,0.0
90149.0,0.0
90150.0,0.0
90151.0,1e+20
90152.0,0.0
90153.0,0.0
90154.0,0.0
90155.0,0.0
90156.0,1e+20
90157.0,0.0
90158.0,1e+20
90159.0,0.0
90160.0,1e+20
90161.0,1e+20
90162.0,0.0
90163.0,1e+20
90164.0,1e+20
90165.0,0.0
90166.0,1e+20
90167.0,0.0
90168.0,1e+20
90169.0,1e+20
90170.0,0.0
90171.0,0.0
90172.0,0.0
90173.0,0.0
90174.0,1e+20
90175.0,0.0
90176.0,0.0
90177.0,0.0
90178.0,0.0
90179.0,1e+20
90180.0,0.0
90181.0,0.0
90182.0,1e+20
90183.0,0.0
90184.0,0.3179659686920786
90185.0,1e+20
90186.0,0.0
90187.0,1e+20
90188.0,1e+20
90189.0,1e+20
90190.0,1e+20
90191.0,1e+20
90192.0,0.0
90193.0,0.0
90194.0,0.0
90195.0,0.0
90196.0,1e+20
90197.0,1e+20
90198.0,1e+20
90199.0,0.0
90200.0,0.0
90201.0,1e+20
90202.0,0.0
90203.0,1e+20
90204.0,0.0
90205.0,0.0
90206.0,1e+20
90207.0,0.0
90208.0,1e+20
90209.0,1e+20
90210.0,1e+20
90211.0,0.0
90212.0,1e+20
90213.0,0.0
90214.0,0.0
90215.0,1e+20
90216.0,0.0
90217.0,0.0
90218.0,1e+20
90219.0,1e+20
90220.0,0.0
90221.0,1e+20
90222.0,0.0
90223.0,1e+20
90224.0,1e+20
90225.0,0.0
90226.0,0.0
90227.0,1e+20
90228.0,0.0
90229.0,1e+20
90230.0,0.0
90231.0,1e+20
90232.0,1e+20
90233.0,0.0
90234.0,0.0
90235.0,0.0
90236.0,1e+20
90237.0,0.0
90238.0,1e+20
90239.0,0.0
90240.0,1e+20
90241.0,0.0
90242.0,0.0
90243.0,0.0
90244.0,0.0
90245.0,1e+20
90246.0,1e+20
90247.0,0.0
90248.0,1e+20
90249.0,1e+20
90250.0,1e+20
90251.0,1e+20
90252.0,0.0
90253.0,1e+20
90254.0,0.0
90255.0,0.0
90256.0,1e+20
90257.0,1e+20
90258.0,1e+20
90259.0,0.0
90260.0,0.0
90261.0,1e+20
90262.0,0.0
90263.0,1e+20
90264.0,1e+20
90265.0,1e+20
90266.0,1e+20
90267.0,0.0
90268.0,1e+20
90269.0,1e+20
90270.0,0.0
90271.0,0.0
90272.0,0.0
90273.0,0.0
90274.0,0.0
90275.0,1e+20
90276.0,0.0
90277.0,1e+20
90278.0,0.0
90279.0,0.0
90280.0,1e+20
90281.0,1e+20
90282.0,0.0
90283.0,1e+20
90284.0,0.0
90285.0,1e+20
90286.0,1e+20
90287.0,0.0
90288.0,0.0
90289.0,0.0
90290.0,0.0
90291.0,0.0
90292.0,1e+20
90293.0,1e+20
90294.0,0.0
90295.0,1e+20
90296.0,0.0
90297.0,1e+20
90298.0,1e+20
90299.0,0.0
90300.0,0.0
90301.0,1e+20
90302.0,1e+20
90303.0,0.0
90304.0,0.0
90305.0,0.0
90306.0,0.0
90307.0,0.26606437584132436
90308.0,1e+20
90309.0,1e+20
90310.0,0.0
90311.0,0.0
90312.0,0.0
90313.0,1e+20
90314.0,1e+20
90315.0,4.547473508864641e-13
90316.0,0.0
90317.0,0.0
90318.0,0.0
90319.0,0.7124895403526352
90320.0,1.239607072691797
90321.0,1e+20
90322.0,0.0
90323.0,0.0
90324.0,1e+20
90325.0,0.0
90326.0,-4.547473508864641e-13
90327.0,1e+20
90328.0,1e+20
90329.0,0.0
90330.0,1e+20
90331.0,0.0
90332.0,1e+20
90333.0,1e+20
90334.0,1e+20
90335.0,0.0
90336.0,0.0
90337.0,0.0
90338.0,1e+20
90339.0,1e+20
90340.0,1e+20
90341.0,0.0
90342.0,1e+20
90343.0,1e+20
90344.0,1.144669763226375
90345.0,1.9158163997326483
90346.0,1e+20
90347.0,0.0
90348.0,0.0
90349.0,1e+20
90350.0,0.0
90351.0,0.0
90352.0,1e+20
90353.0,1e+20
90354.0,0.0
90355.0,0.0
90356.0,0.4110527398670456
90357.0,1e+20
90358.0,1.2960124195797107
90359.0,1e+20
90360.0,1e+20
90361.0,0.0
90362.0,0.0
90363.0,-4.547473508864641e-13
90364.0,1e+20
90365.0,1e+20
90366.0,1e+20
90367.0,0.0
90368.0,0.0
90369.0,0.0
90370.0,0.0
90371.0,1e+20
90372.0,0.0
90373.0,1e+20
90374.0,0.25524449421436657
90375.0,1e+20
90376.0,1e+20
90377.0,0.0
90378.0,1e+20
90379.0,0.0
90380.0,0.0
90381.0,0.0
90382.0,1e+20
90383.0,1e+20
90384.0,1e+20
90385.0,0.0
90386.0,1e+20
90387.0,0.0
90388.0,0.0
90389.0,1e+20
90390.0,1e+20
90391.0,1e+20
90392.0,1e+20
90393.0,1e+20
90394.0,0.0
90395.0,0.28719556305759397
90396.0,1.9619990585533742
90397.0,1e+20
90398.0,0.0
90399.0,0.0
90400.0,1e+20
90401.0,1e+20
90402.0,0.0
90403.0,0.0
90404.0,0.0
90405.0,1e+20
90406.0,1e+20
90407.0,0.0
90408.0,-1.3642420526593924e-12
90409.0,1e+20
90410.0,1e+20
90411.0,0.0
90412.0,0.0
90413.0,0.0
90414.0,1e+20
90415.0,0.0
90416.0,1e+20
90417.0,1e+20
90418.0,0.0
90419.0,4.547473508864641e-13
90420.0,1e+20
90421.0,0.0
90422.0,1e+20
90423.0,1e+20
90424.0,0.0
90425.0,1e+20
90426.0,0.0
90427.0,1e+20
90428.0,1e+20
90429.0,1e+20
90430.0,0.0
90431.0,1e+20
90432.0,1e+20
90433.0,1e+20
90434.0,0.0
90435.0,0.0
90436.0,0.0
90437.0,1e+20
90438.0,0.0
90439.0,1e+20
90440.0,0.0
90441.0,1e+20
90442.0,0.0
90443.0,1e+20
90444.0,0.0
90445.0,1e+20
90446.0,0.0
90447.0,1e+20
90448.0,1e+20
90449.0,0.0
90450.0,0.0
90451.0,4.547473508864641e-13
90452.0,1e+20
90453.0,0.0
90454.0,0.0
90455.0,1e+20
90456.0,1e+20
90457.0,0.0
90458.0,1e+20
90459.0,0.0
90460.0,1e+20
90461.0,1e+20
90462.0,1e+20
90463.0,0.0
90464.0,1e+20
90465.0,1e+20
90466.0,1e+20
90467.0,0.0
90468.0,0.0
90469.0,1e+20
90470.0,1e+20
90471.0,1e+20
90472.0,0.0
90473.0,1e+20
90474.0,0.0
90475.0,0.0
90476.0,1e+20
90477.0,1e+20
90478.0,0.0
90479.0,0.0
90480.0,0.0
90481.0,0.0
90482.0,0.0
90483.0,1e+20
90484.0,1e+20
90485.0,1e+20
90486.0,0.0
90487.0,0.0
90488.0,0.0
90489.0,1e+20
90490.0,1e+20
90491.0,1e+20
90492.0,1e+20
90493.0,1e+20
90494.0,0.0
90495.0,0.0
90496.0,1e+20
90497.0,1e+20
90498.0,1e+20
90499.0,0.0
90500.0,-4.547473508864641e-13
90501.0,1e+20
90502.0,1e+20
90503.0,0.0
90504.0,1e+20
90505.0,0.0
90506.0,0.0
90507.0,0.0
90508.0,1e+20
90509.0,1e+20
90510.0,0.0
90511.0,0.0
90512.0,1e+20
90513.0,1e+20
90514.0,0.0
90515.0,1e+20
90516.0,1e+20
90517.0,1e+20
90518.0,1e+20
90519.0,0.0
90520.0,0.0
90521.0,0.0
90522.0,0.0
90523.0,1e+20
90524.0,0.0
90525.0,0.0
90526.0,0.0
90527.0,0.0
90528.0,0.0
90529.0,0.0
90530.0,0.0
90531.0,0.0
90532.0,1e+20
90533.0,1e+20
90534.0,1e+20
90535.0,0.0
90536.0,0.0
90537.0,0.0
90538.0,1e+20
90539.0,1e+20
90540.0,0.0
90541.0,0.0
90542.0,1e+20
90543.0,1e+20
90544.0,0.0
90545.0,1e+20
90546.0,0.0
90547.0,1e+20
90548.0,1e+20
90549.0,0.0
90550.0,0.0
90551.0,1e+20
90552.0,0.0
90553.0,1e+20
90554.0,1e+20
90555.0,0.0
90556.0,1e+20
90557.0,0.0
90558.0,1e+20
90559.0,1e+20
90560.0,0.0
90561.0,0.0
90562.0,1e+20
90563.0,0.0
90564.0,1e+20
90565.0,1e+20
90566.0,0.0
90567.0,1e+20
90568.0,1e+20
90569.0,0.0
90570.0,0.0
90571.0,0.0
90572.0,0.0
90573.0,1e+20
90574.0,1e+20
90575.0,0.0
90576.0,0.0
90577.0,0.622461206638036
90578.0,1e+20
90579.0,1e+20
90580.0,1e+20
90581.0,1.3240192704747642
90582.0,1e+20
90583.0,1e+20
90584.0,0.0
90585.0,0.0
90586.0,1e+20
90587.0,0.0
90588.0,1e+20
90589.0,1e+20
90590.0,0.0
90591.0,1e+20
90592.0,1e+20
90593.0,0.0
90594.0,1e+20
90595.0,1e+20
90596.0,1e+20
90597.0,0.0
90598.0,0.0
90599.0,1e+20
90600.0,1e+20
90601.0,1e+20
90602.0,0.0
90603.0,1e+20
90604.0,1e+20
90605.0,1e+20
90606.0,0.0
90607.0,0.0
90608.0,0.0
90609.0,1e+20
90610.0,1e+20
90611.0,0.36735607346827237
90612.0,1e+20
90613.0,1e+20
90614.0,1e+20
90615.0,1e+20
90616.0,0.0
90617.0,1e+20
90618.0,1e+20
90619.0,1e+20
90620.0,1e+20
90621.0,1e+20
90622.0,0.0
90623.0,0.0
90624.0,1e+20
90625.0,0.0
90626.0,1e+20
90627.0,0.0
90628.0,1e+20
90629.0,1e+20
90630.0,1e+20
90631.0,0.0
90632.0,0.0
90633.0,0.0
90634.0,1e+20
90635.0,0.0
90636.0,1e+20
90637.0,1e+20
90638.0,1e+20
90639.0,0.0
90640.0,0.0
90641.0,1e+20
90642.0,1e+20
90643.0,1.4031256571738595
90644.0,1e+20
90645.0,1e+20
90646.0,1e+20
90647.0,1e+20
90648.0,0.0
90649.0,0.0
90650.0,1e+20
90651.0,1e+20
90652.0,1e+20
90653.0,1e+20
90654.0,1e+20
90655.0,0.0
90656.0,1e+20
90657.0,1e+20
90658.0,4.547473508864641e-13
90659.0,0.0
90660.0,1e+20
90661.0,0.0
90662.0,1e+20
90663.0,0.0
90664.0,1e+20
90665.0,1e+20
90666.0,1e+20
90667.0,0.0
90668.0,0.0
90669.0,0.0
90670.0,0.0
90671.0,0.0
90672.0,0.0
90673.0,0.0
90674.0,-4.547473508864641e-13
90675.0,0.0
90676.0,0.0
90677.0,0.0
90678.0,0.0
90679.0,0.0
90680.0,0.0
90681.0,0.0
90682.0,0.0
90683.0,1e+20
90684.0,0.0
90685.0,0.0
90686.0,0.0
90687.0,0.0
90688.0,0.0
90689.0,0.0
90690.0,0.0
90691.0,1e+20
90692.0,0.0
90693.0,0.0
90694.0,0.0
90695.0,1e+20
90696.0,0.0
90697.0,0.0
90698.0,1e+20
90699.0,1e+20
90700.0,1e+20
90701.0,0.0
90702.0,1e+20
90703.0,0.0
90704.0,1e+20
90705.0,0.0
90706.0,0.0
90707.0,0.0
90708.0,1e+20
90709.0,1e+20
90710.0,1e+20
90711.0,0.0
90712.0,1e+20
90713.0,0.0
90714.0,1e+20
90715.0,1e+20
90716.0,0.0
90717.0,0.0
90718.0,0.0
90719.0,0.0
90720.0,1e+20
90721.0,1e+20
90722.0,0.0
90723.0,0.0
90724.0,0.0
90725.0,0.0
90726.0,0.0
90727.0,0.0
90728.0,1e+20
90729.0,0.0
90730.0,0.0
90731.0,0.0
90732.0,0.0
90733.0,0.0
90734.0,0.0
90735.0,1e+20
90736.0,0.0
90737.0,0.0
90738.0,1e+20
90739.0,1e+20
90740.0,1e+20
90741.0,0.0
90742.0,0.0
90743.0,1e+20
90744.0,1e+20
90745.0,0.0
90746.0,0.0
90747.0,0.0
90748.0,0.0
90749.0,1e+20
90750.0,1e+20
90751.0,1e+20
90752.0,1e+20
90753.0,0.0
90754.0,0.0
90755.0,0.0
90756.0,0.9067616281981827
90757.0,1e+20
90758.0,1e+20
90759.0,0.0
90760.0,0.0
90761.0,0.0
90762.0,1e+20
90763.0,1e+20
90764.0,0.0
90765.0,1.9908772697440327
90766.0,1e+20
90767.0,0.0
90768.0,1e+20
90769.0,1e+20
90770.0,1e+20
90771.0,1e+20
90772.0,0.0
90773.0,0.0
90774.0,0.0
90775.0,0.0
90776.0,0.0
90777.0,1e+20
90778.0,0.0
90779.0,1e+20
90780.0,0.0
90781.0,1e+20
90782.0,1e+20
90783.0,0.0
90784.0,1e+20
90785.0,0.0
90786.0,1e+20
90787.0,0.0
90788.0,0.0
90789.0,1e+20
90790.0,1e+20
90791.0,1e+20
90792.0,1e+20
90793.0,0.0
90794.0,0.0
90795.0,0.0
90796.0,1e+20
90797.0,0.0
90798.0,1e+20
90799.0,1e+20
90800.0,0.0
90801.0,1e+20
90802.0,1e+20
90803.0,0.9861193908095629
90804.0,1e+20
90805.0,1e+20
90806.0,1e+20
90807.0,0.0
90808.0,0.0
90809.0,1e+20
90810.0,0.0
90811.0,1e+20
90812.0,1e+20
90813.0,1e+20
90814.0,0.0
90815.0,0.0
90816.0,0.0
90817.0,1e+20
90818.0,1e+20
90819.0,1e+20
90820.0,1e+20
90821.0,1e+20
90822.0,1e+20
90823.0,1e+20
90824.0,0.0
90825.0,1e+20
90826.0,0.0
90827.0,1e+20
90828.0,1e+20
90829.0,1e+20
90830.0,0.0
90831.0,0.0
90832.0,0.0
90833.0,0.0
90834.0,1e+20
90835.0,1e+20
90836.0,1e+20
90837.0,1e+20
90838.0,1e+20
90839.0,1e+20
90840.0,-4.547473508864641e-13
90841.0,0.0
90842.0,0.0
90843.0,0.0
90844.0,0.0
90845.0,0.0
90846.0,0.0
90847.0,0.0
90848.0,0.8520675057943663
90849.0,1e+20
90850.0,0.0
90851.0,1e+20
90852.0,1e+20
90853.0,1e+20
90854.0,0.0
90855.0,0.0
90856.0,0.0
90857.0,0.0
90858.0,0.0
90859.0,1e+20
90860.0,1e+20
90861.0,0.0
90862.0,0.0
90863.0,0.0
90864.0,0.0
90865.0,0.0
90866.0,0.0
90867.0,0.0
90868.0,0.0
90869.0,1e+20
90870.0,1e+20
90871.0,1e+20
90872.0,0.0
90873.0,0.0
90874.0,0.0
90875.0,0.0
90876.0,1e+20
90877.0,0.0
90878.0,0.0
90879.0,1e+20
90880.0,0.0
90881.0,1e+20
90882.0,0.0
90883.0,0.0
90884.0,1e+20
90885.0,1e+20
90886.0,1e+20
90887.0,0.0
90888.0,0.0
90889.0,1e+20
90890.0,1e+20
90891.0,0.0
90892.0,0.0
90893.0,0.0
90894.0,0.0
90895.0,0.0
90896.0,0.0
90897.0,0.0
90898.0,0.0
90899.0,0.0
90900.0,1e+20
90901.0,1e+20
90902.0,-4.547473508864641e-13
90903.0,0.0
90904.0,1e+20
90905.0,0.0
90906.0,1e+20
90907.0,1e+20
90908.0,0.0
90909.0,0.0
90910.0,0.0
90911.0,4.547473508864641e-13
90912.0,0.0
90913.0,0.0
90914.0,0.0
90915.0,0.0
90916.0,0.0
90917.0,1e+20
90918.0,0.0
90919.0,1e+20
90920.0,0.0
90921.0,1.77905497277834
90922.0,1e+20
90923.0,1e+20
90924.0,0.0
90925.0,1e+20
90926.0,0.0
90927.0,1e+20
90928.0,1e+20
90929.0,0.0
90930.0,0.0
90931.0,4.547473508864641e-13
90932.0,1e+20
90933.0,1e+20
90934.0,0.0
90935.0,1e+20
90936.0,1e+20
90937.0,0.0
90938.0,0.0
90939.0,1e+20
90940.0,0.0
90941.0,1e+20
90942.0,0.0
90943.0,1e+20
90944.0,1e+20
90945.0,0.0
90946.0,0.0
90947.0,0.0
90948.0,1e+20
90949.0,0.0
90950.0,1e+20
90951.0,1e+20
90952.0,1e+20
90953.0,0.0
90954.0,0.0
90955.0,0.0
90956.0,0.0
90957.0,0.08153475440212787
90958.0,1e+20
90959.0,1e+20
90960.0,0.0
90961.0,1e+20
90962.0,1e+20
90963.0,1e+20
90964.0,0.0
90965.0,0.0
90966.0,0.0
90967.0,1e+20
90968.0,1e+20
90969.0,0.0
90970.0,0.0
90971.0,1e+20
90972.0,0.0
90973.0,1e+20
90974.0,0.0
90975.0,1e+20
90976.0,0.0
90977.0,1e+20
90978.0,0.0
90979.0,1e+20
90980.0,1e+20
90981.0,0.0
90982.0,0.0
90983.0,1e+20
90984.0,0.0
90985.0,0.0
90986.0,1e+20
90987.0,0.0
90988.0,1e+20
90989.0,1e+20
90990.0,1e+20
90991.0,1e+20
90992.0,0.0
90993.0,1e+20
90994.0,0.0
90995.0,1e+20
90996.0,1.8346325005691142
90997.0,1e+20
90998.0,1e+20
90999.0,1e+20
91000.0,0.0
91001.0,0.0
91002.0,0.0
91003.0,0.0
91004.0,0.0
91005.0,0.0
91006.0,0.0
91007.0,1e+20
91008.0,1e+20
91009.0,1e+20
91010.0,1e+20
91011.0,0.0
91012.0,1e+20
91013.0,0.0
91014.0,1e+20
91015.0,0.0
91016.0,0.0
91017.0,1e+20
91018.0,1e+20
91019.0,0.0
91020.0,0.30627412099238427
91021.0,1e+20
91022.0,1e+20
91023.0,0.0
91024.0,0.0
91025.0,1e+20
91026.0,0.0
91027.0,1e+20
91028.0,0.0
91029.0,0.0
91030.0,1e+20
91031.0,1e+20
91032.0,1e+20
91033.0,0.0
91034.0,1e+20
91035.0,0.0
91036.0,1e+20
91037.0,1e+20
91038.0,1e+20
91039.0,1e+20
91040.0,1e+20
91041.0,0.0
91042.0,1e+20
91043.0,1e+20
91044.0,0.0
91045.0,0.0
91046.0,1e+20
91047.0,0.0
91048.0,0.0
91049.0,1e+20
91050.0,1e+20
91051.0,1e+20
91052.0,1e+20
91053.0,1e+20
91054.0,-4.547473508864641e-13
91055.0,1.598331483102811
91056.0,1e+20
91057.0,0.0
91058.0,0.0
91059.0,0.0
91060.0,0.0
91061.0,0.0
91062.0,0.0
91063.0,0.0
91064.0,1e+20
91065.0,0.0
91066.0,1e+20
91067.0,0.0
91068.0,1e+20
91069.0,0.0
91070.0,1e+20
91071.0,1e+20
91072.0,0.0
91073.0,1e+20
91074.0,1e+20
91075.0,0.0
91076.0,0.0
91077.0,0.0
91078.0,0.0
91079.0,0.0
91080.0,0.0
91081.0,1e+20
91082.0,1e+20
91083.0,1e+20
91084.0,0.0
91085.0,0.0
91086.0,1e+20
91087.0,0.0
91088.0,1e+20
91089.0,0.0
91090.0,1e+20
91091.0,1e+20
91092.0,0.0
91093.0,1.2136869639271026
91094.0,1e+20
91095.0,1e+20
91096.0,1e+20
91097.0,1e+20
91098.0,1e+20
91099.0,0.0
91100.0,0.0
91101.0,1e+20
91102.0,0.0
91103.0,1e+20
91104.0,0.0
91105.0,1e+20
91106.0,0.0
91107.0,1e+20
91108.0,0.0
91109.0,1e+20
91110.0,0.0
91111.0,0.0
91112.0,1e+20
91113.0,1e+20
91114.0,1e+20
91115.0,0.0
91116.0,1e+20
91117.0,0.0
91118.0,0.0
91119.0,0.0
91120.0,1e+20
91121.0,1e+20
91122.0,1e+20
91123.0,0.0
91124.0,0.0
91125.0,1e+20
91126.0,0.0
91127.0,0.0
91128.0,1e+20
91129.0,0.0
91130.0,1e+20
91131.0,1e+20
91132.0,0.0
91133.0,0.0
91134.0,0.0
91135.0,0.0
91136.0,1e+20
91137.0,0.0
91138.0,1e+20
91139.0,0.0
91140.0,1e+20
91141.0,1e+20
91142.0,1e+20
91143.0,1e+20
91144.0,0.0
91145.0,0.0
91146.0,0.0
91147.0,1e+20
91148.0,0.0
91149.0,1e+20
91150.0,0.0
91151.0,1e+20
91152.0,1e+20
91153.0,0.0
91154.0,1e+20
91155.0,0.0
91156.0,1e+20
91157.0,1e+20
91158.0,0.0
91159.0,1.1587867417138114
91160.0,1e+20
91161.0,1e+20
91162.0,1e+20
91163.0,1e+20
91164.0,0.0
91165.0,0.0
91166.0,1e+20
91167.0,0.0
91168.0,1e+20
91169.0,0.0
91170.0,1e+20
91171.0,0.0
91172.0,1e+20
91173.0,1e+20
91174.0,1e+20
91175.0,0.0
91176.0,1e+20
91177.0,0.0
91178.0,0.0
91179.0,0.0
91180.0,1e+20
91181.0,1e+20
91182.0,1e+20
91183.0,1e+20
91184.0,1.6862143370894955
91185.0,1e+20
91186.0,1e+20
91187.0,1e+20
91188.0,1e+20
91189.0,0.0
91190.0,0.0
91191.0,1e+20
91192.0,0.0
91193.0,1e+20
91194.0,1e+20
91195.0,1e+20
91196.0,1e+20
91197.0,1e+20
91198.0,0.0
91199.0,1e+20
91200.0,0.0
91201.0,0.0
91202.0,0.0
91203.0,1e+20
91204.0,0.0
91205.0,1e+20
91206.0,1e+20
91207.0,0.0
91208.0,1e+20
91209.0,0.0
91210.0,0.0
91211.0,1e+20
91212.0,1e+20
91213.0,1e+20
91214.0,1e+20
91215.0,0.0
91216.0,1e+20
91217.0,0.0
91218.0,1.4426050140336883
91219.0,1e+20
91220.0,1e+20
91221.0,0.0
91222.0,1.8465778515023885
91223.0,1e+20
91224.0,1e+20
91225.0,1e+20
91226.0,0.0
91227.0,1e+20
91228.0,0.0
91229.0,0.0
91230.0,1e+20
91231.0,1e+20
91232.0,1e+20
91233.0,1e+20
91234.0,1e+20
91235.0,1e+20
91236.0,0.0
91237.0,0.0
91238.0,0.0
91239.0,0.0
91240.0,1e+20
91241.0,0.0
91242.0,1e+20
91243.0,1e+20
91244.0,0.3884490885343439
91245.0,1e+20
91246.0,1e+20
91247.0,0.0
91248.0,0.0
91249.0,0.0
91250.0,0.0
91251.0,1e+20
91252.0,0.0
91253.0,1e+20
91254.0,1e+20
91255.0,1e+20
91256.0,0.0
91257.0,0.0
91258.0,1e+20
91259.0,1e+20
91260.0,0.0
91261.0,1e+20
91262.0,0.0
91263.0,1e+20
91264.0,1e+20
91265.0,1e+20
91266.0,0.0
91267.0,1e+20
91268.0,0.0
91269.0,1e+20
91270.0,0.0
91271.0,0.0
91272.0,1e+20
91273.0,0.0
91274.0,1e+20
91275.0,1e+20
91276.0,0.0
91277.0,1e+20
91278.0,0.0
91279.0,1e+20
91280.0,1e+20
91281.0,0.0
91282.0,4.547473508864641e-13
91283.0,0.0
91284.0,0.0
91285.0,1e+20
91286.0,1e+20
91287.0,1e+20
91288.0,1e+20
91289.0,1e+20
91290.0,1e+20
91291.0,1e+20
91292.0,0.0
91293.0,1e+20
91294.0,1e+20
91295.0,0.0
91296.0,0.0
91297.0,1e+20
91298.0,0.0
91299.0,1e+20
91300.0,0.0
91301.0,1e+20
91302.0,1e+20
91303.0,1e+20
91304.0,0.0
91305.0,0.0
91306.0,0.0
91307.0,0.0
91308.0,1e+20
91309.0,1e+20
91310.0,1e+20
91311.0,0.0
91312.0,1e+20
91313.0,0.0
91314.0,1e+20
91315.0,0.0
91316.0,0.0
91317.0,1e+20
91318.0,0.0
91319.0,1e+20
91320.0,1e+20
91321.0,1e+20
91322.0,0.0
91323.0,1.3045739953245175
91324.0,1e+20
91325.0,1e+20
91326.0,1e+20
91327.0,4.547473508864641e-13
91328.0,1e+20
91329.0,1e+20
91330.0,0.0
91331.0,1e+20
91332.0,0.0
91333.0,1e+20
91334.0,0.0
91335.0,0.0
91336.0,0.0
91337.0,1e+20
91338.0,1e+20
91339.0,1e+20
91340.0,1e+20
91341.0,0.0
91342.0,0.0
91343.0,0.0
91344.0,0.0
91345.0,1e+20
91346.0,0.0
91347.0,1e+20
91348.0,0.0
91349.0,1e+20
91350.0,0.0
91351.0,1e+20
91352.0,0.0
91353.0,1e+20
91354.0,1e+20
91355.0,1e+20
91356.0,0.0
91357.0,1e+20
91358.0,0.0
91359.0,0.0
91360.0,0.0
91361.0,1e+20
91362.0,0.0
91363.0,0.0
91364.0,1e+20
91365.0,0.0
91366.0,1e+20
91367.0,1e+20
91368.0,1e+20
91369.0,1e+20
91370.0,1e+20
91371.0,0.0
91372.0,1e+20
91373.0,1e+20
91374.0,1e+20
91375.0,1e+20
91376.0,0.0
91377.0,0.0
91378.0,1e+20
91379.0,0.0
91380.0,1e+20
91381.0,1e+20
91382.0,0.0
91383.0,0.0
91384.0,0.0
91385.0,1e+20
91386.0,1e+20
91387.0,1e+20
91388.0,1e+20
91389.0,0.0
91390.0,0.0
91391.0,1e+20
91392.0,0.0
91393.0,0.0
91394.0,1e+20
91395.0,1e+20
91396.0,1e+20
91397.0,0.0
91398.0,0.0
91399.0,0.0
91400.0,1e+20
91401.0,1e+20
91402.0,0.0
91403.0,0.7596357827237625
91404.0,1e+20
91405.0,1e+20
91406.0,1.9335046298879206
91407.0,1e+20
91408.0,1e+20
91409.0,1e+20
91410.0,0.0
91411.0,1e+20
91412.0,0.0
91413.0,0.0
91414.0,1e+20
91415.0,1e+20
91416.0,1e+20
91417.0,0.0
91418.0,0.0
91419.0,1e+20
91420.0,0.0
91421.0,1e+20
91422.0,1e+20
91423.0,0.0
91424.0,0.0
91425.0,1e+20
91426.0,1e+20
91427.0,0.0
91428.0,0.3726496592607873
91429.0,1e+20
91430.0,1e+20
91431.0,0.0
91432.0,0.0
91433.0,1e+20
91434.0,0.0
91435.0,1e+20
91436.0,0.0
91437.0,1e+20
91438.0,0.0
91439.0,1e+20
91440.0,0.0
91441.0,1e+20
91442.0,1e+20
91443.0,1e+20
91444.0,0.0
91445.0,0.0
91446.0,1e+20
91447.0,1e+20
91448.0,0.0
91449.0,0.0
91450.0,1e+20
91451.0,1e+20
91452.0,1e+20
91453.0,1e+20
91454.0,0.0
91455.0,1e+20
91456.0,1e+20
91457.0,1e+20
91458.0,0.0
91459.0,1e+20
91460.0,0.0
91461.0,1e+20
91462.0,1e+20
91463.0,1e+20
91464.0,1e+20
91465.0,0.0
91466.0,1.0293683530267117
91467.0,1e+20
91468.0,1e+20
91469.0,0.0
91470.0,1e+20
91471.0,1e+20
91472.0,1e+20
91473.0,1e+20
91474.0,0.0
91475.0,0.0
91476.0,0.0
91477.0,0.0
91478.0,0.0
91479.0,0.0
91480.0,0.0
91481.0,0.0
91482.0,0.0
91483.0,0.0
91484.0,0.0
91485.0,0.0
91486.0,1e+20
91487.0,0.0
91488.0,0.0
91489.0,1e+20
91490.0,0.0
91491.0,0.9309152265273042
91492.0,1.8603393463117754
91493.0,0.0
91494.0,0.0
91495.0,0.0
91496.0,1e+20
91497.0,1.6394689257140271
91498.0,1e+20
91499.0,1e+20
91500.0,1e+20
91501.0,0.0
91502.0,1e+20
91503.0,1e+20
91504.0,1e+20
91505.0,0.0
91506.0,0.0
91507.0,1e+20
91508.0,0.0
91509.0,1e+20
91510.0,0.0
91511.0,1e+20
91512.0,1e+20
91513.0,0.0
91514.0,0.0
91515.0,1e+20
91516.0,0.0
91517.0,0.36146454072058987
91518.0,1e+20
91519.0,1e+20
91520.0,0.0
91521.0,0.0
91522.0,0.0
91523.0,0.0
91524.0,1e+20
91525.0,1e+20
91526.0,0.0
91527.0,0.0
91528.0,1e+20
91529.0,0.0
91530.0,1e+20
91531.0,1e+20
91532.0,0.6047130031270171
91533.0,1e+20
91534.0,1e+20
91535.0,1e+20
91536.0,1e+20
91537.0,0.0
91538.0,0.0
91539.0,0.20754818274554054
91540.0,1e+20
91541.0,1e+20
91542.0,1e+20
91543.0,0.0
91544.0,0.0
91545.0,0.0
91546.0,1e+20
91547.0,1e+20
91548.0,1e+20
91549.0,0.0
91550.0,1e+20
91551.0,1e+20
91552.0,0.0
91553.0,0.0
91554.0,0.0
91555.0,1e+20
91556.0,1e+20
91557.0,0.0
91558.0,0.0
91559.0,0.0
91560.0,1e+20
91561.0,1e+20
91562.0,1e+20
91563.0,0.0
91564.0,1.5017691933126116
91565.0,1e+20
91566.0,1e+20
91567.0,1e+20
91568.0,1e+20
91569.0,0.0
91570.0,0.0
91571.0,1e+20
91572.0,1e+20
91573.0,1e+20
91574.0,0.0
91575.0,0.0
91576.0,0.0
91577.0,0.0
91578.0,1e+20
91579.0,0.0
91580.0,1e+20
91581.0,0.0
91582.0,1e+20
91583.0,1e+20
91584.0,0.0
91585.0,0.0
91586.0,0.0
91587.0,1e+20
91588.0,1e+20
91589.0,0.0
91590.0,0.0
91591.0,1e+20
91592.0,1.9767751388972101
91593.0,1e+20
91594.0,1e+20
91595.0,1e+20
91596.0,1e+20
91597.0,-4.547473508864641e-13
91598.0,0.0
91599.0,1e+20
91600.0,1e+20
91601.0,1e+20
91602.0,1e+20
91603.0,0.0
91604.0,0.0
91605.0,1e+20
91606.0,0.0
91607.0,0.0
91608.0,1e+20
91609.0,0.0
91610.0,1e+20
91611.0,0.0
91612.0,1e+20
91613.0,1e+20
91614.0,0.0
91615.0,1e+20
91616.0,1e+20
91617.0,0.0
91618.0,0.0
91619.0,0.0
91620.0,1e+20
91621.0,0.0
91622.0,0.0
91623.0,1e+20
91624.0,1e+20
91625.0,1e+20
91626.0,0.0
91627.0,1e+20
91628.0,1e+20
91629.0,1e+20
91630.0,0.0
91631.0,1e+20
91632.0,1e+20
91633.0,0.0
91634.0,0.0
91635.0,0.0
91636.0,1e+20
91637.0,0.0
91638.0,1e+20
91639.0,1e+20
91640.0,1e+20
91641.0,1e+20
91642.0,1e+20
91643.0,0.0
91644.0,1e+20
91645.0,1e+20
91646.0,0.0
91647.0,0.0
91648.0,1e+20
91649.0,0.0
91650.0,1e+20
91651.0,1e+20
91652.0,0.0
91653.0,1e+20
91654.0,0.0
91655.0,0.8888138936404175
91656.0,1e+20
91657.0,1e+20
91658.0,0.0
91659.0,1e+20
91660.0,0.0
91661.0,1e+20
91662.0,1e+20
91663.0,1e+20
91664.0,0.0
91665.0,0.0
91666.0,0.0
91667.0,1e+20
91668.0,0.0
91669.0,1e+20
91670.0,0.0
91671.0,1e+20
91672.0,1e+20
91673.0,0.0
91674.0,1e+20
91675.0,1e+20
91676.0,0.0
91677.0,0.0
91678.0,1e+20
91679.0,0.0
91680.0,1e+20
91681.0,1e+20
91682.0,1e+20
91683.0,0.0
91684.0,0.0
91685.0,0.0
91686.0,1e+20
91687.0,0.0
91688.0,1e+20
91689.0,0.0
91690.0,1e+20
91691.0,0.0
91692.0,0.0
91693.0,1e+20
91694.0,1e+20
91695.0,0.0
91696.0,0.0
91697.0,0.0
91698.0,0.0
91699.0,0.0
91700.0,1e+20
91701.0,1e+20
91702.0,1e+20
91703.0,1e+20
91704.0,1e+20
91705.0,1e+20
91706.0,1e+20
91707.0,1e+20
91708.0,1e+20
91709.0,0.0
91710.0,0.0
91711.0,1e+20
91712.0,1e+20
91713.0,0.0
91714.0,1e+20
91715.0,1e+20
91716.0,1e+20
91717.0,0.0
91718.0,0.0
91719.0,1e+20
91720.0,0.5021399235124591
91721.0,1e+20
91722.0,1e+20
91723.0,0.0
91724.0,0.0
91725.0,1e+20
91726.0,1e+20
91727.0,0.0
91728.0,0.0
91729.0,1e+20
91730.0,1e+20
91731.0,1e+20
91732.0,1e+20
91733.0,0.0
91734.0,1e+20
91735.0,0.0
91736.0,1e+20
91737.0,0.0
91738.0,1e+20
91739.0,0.49830278343506507
91740.0,1e+20
91741.0,1e+20
91742.0,1e+20
91743.0,1e+20
91744.0,1e+20
91745.0,0.0
91746.0,1e+20
91747.0,1e+20
91748.0,0.0
91749.0,0.0
91750.0,0.0
91751.0,0.0
91752.0,1e+20
91753.0,1e+20
91754.0,1e+20
91755.0,1e+20
91756.0,1e+20
91757.0,1e+20
91758.0,1e+20
91759.0,1e+20
91760.0,1e+20
91761.0,0.0
91762.0,0.0
91763.0,1e+20
91764.0,0.0
91765.0,1e+20
91766.0,1e+20
91767.0,1e+20
91768.0,0.0
91769.0,0.0
91770.0,1e+20
91771.0,1e+20
91772.0,1e+20
91773.0,0.0
91774.0,0.0
91775.0,1e+20
91776.0,0.0
91777.0,0.0
91778.0,1e+20
91779.0,0.0
91780.0,1e+20
91781.0,0.0
91782.0,1e+20
91783.0,1e+20
91784.0,1e+20
91785.0,0.0
91786.0,1e+20
91787.0,1e+20
91788.0,1e+20
91789.0,0.0
91790.0,0.0
91791.0,0.0
91792.0,1e+20
91793.0,1e+20
91794.0,1e+20
91795.0,1e+20
91796.0,1e+20
91797.0,1e+20
91798.0,0.0
91799.0,0.0
91800.0,0.0
91801.0,0.0
91802.0,0.0
91803.0,0.0
91804.0,1e+20
91805.0,0.0
91806.0,1e+20
91807.0,1e+20
91808.0,1e+20
91809.0,0.0
91810.0,1e+20
91811.0,1e+20
91812.0,0.0
91813.0,0.0
91814.0,0.0
91815.0,1e+20
91816.0,1e+20
91817.0,0.0
91818.0,1e+20
91819.0,0.0
91820.0,0.0
91821.0,1e+20
91822.0,1e+20
91823.0,1e+20
91824.0,1e+20
91825.0,0.0
91826.0,0.0
91827.0,0.0
91828.0,0.0
91829.0,0.45855133771192413
91830.0,1e+20
91831.0,1e+20
91832.0,1e+20
91833.0,1e+20
91834.0,1e+20
91835.0,0.0
91836.0,0.0
91837.0,0.0
91838.0,1e+20
91839.0,0.0
91840.0,1e+20
91841.0,1e+20
91842.0,1e+20
91843.0,0.0
91844.0,1e+20
91845.0,0.0
91846.0,1e+20
91847.0,1e+20
91848.0,1e+20
91849.0,0.0
91850.0,1e+20
91851.0,0.0
91852.0,0.0
91853.0,0.0
91854.0,0.0
91855.0,1e+20
91856.0,0.0
91857.0,0.0
91858.0,0.0
91859.0,0.0
91860.0,1e+20
91861.0,1e+20
91862.0,0.0
91863.0,1e+20
91864.0,1e+20
91865.0,0.0
91866.0,0.0
91867.0,0.0
91868.0,0.0
91869.0,1e+20
91870.0,1e+20
91871.0,1e+20
91872.0,0.0
91873.0,0.0
91874.0,1e+20
91875.0,1e+20
91876.0,1e+20
91877.0,1e+20
91878.0,0.0
91879.0,1e+20
91880.0,0.0
91881.0,1e+20
91882.0,1e+20
91883.0,1e+20
91884.0,1e+20
91885.0,1e+20
91886.0,0.0
91887.0,1e+20
91888.0,0.0
91889.0,0.0
91890.0,1e+20
91891.0,1e+20
91892.0,0.0
91893.0,0.0
91894.0,1e+20
91895.0,0.7098693420439304
91896.0,1e+20
91897.0,1e+20
91898.0,1e+20
91899.0,1e+20
91900.0,0.0
91901.0,0.0
91902.0,0.0
91903.0,1e+20
91904.0,0.0
91905.0,0.0
91906.0,1e+20
91907.0,0.0
91908.0,1e+20
91909.0,1e+20
91910.0,1e+20
91911.0,1e+20
91912.0,0.0
91913.0,0.0
91914.0,1e+20
91915.0,1e+20
91916.0,1e+20
91917.0,1e+20
91918.0,1e+20
91919.0,1e+20
91920.0,0.0
91921.0,0.0
91922.0,1e+20
91923.0,1e+20
91924.0,1e+20
91925.0,1e+20
91926.0,1e+20
91927.0,1e+20
91928.0,1e+20
91929.0,0.0
91930.0,0.0
91931.0,0.0
91932.0,1e+20
91933.0,0.0
91934.0,1e+20
91935.0,1e+20
91936.0,1e+20
91937.0,1e+20
91938.0,0.0
91939.0,0.0
91940.0,0.0
91941.0,1e+20
91942.0,0.0
91943.0,0.0
91944.0,1e+20
91945.0,1e+20
91946.0,1e+20
91947.0,0.0
91948.0,0.0
91949.0,1e+20
91950.0,0.0
91951.0,1e+20
91952.0,1.538276715066786
91953.0,1e+20
91954.0,1e+20
91955.0,1e+20
91956.0,1e+20
91957.0,1e+20
91958.0,0.0
91959.0,0.0
91960.0,0.0
91961.0,1e+20
91962.0,1e+20
91963.0,1e+20
91964.0,0.0
91965.0,1e+20
91966.0,1e+20
91967.0,0.0
91968.0,0.0
91969.0,0.0
91970.0,0.0
91971.0,0.0
91972.0,0.0
91973.0,1e+20
91974.0,0.0
91975.0,1e+20
91976.0,1e+20
91977.0,0.0
91978.0,0.0
91979.0,0.0
91980.0,0.0
91981.0,0.0
91982.0,0.0
91983.0,0.0
91984.0,0.0
91985.0,0.0
91986.0,0.0
91987.0,0.0
91988.0,0.09279398804937955
91989.0,1e+20
91990.0,1.1915329166577067
91991.0,1e+20
91992.0,1e+20
91993.0,0.0
91994.0,1e+20
91995.0,1e+20
91996.0,0.0
91997.0,0.0
91998.0,0.0
91999.0,0.0
92000.0,0.0
92001.0,1e+20
92002.0,0.0
92003.0,1e+20
92004.0,0.0
92005.0,1e+20
92006.0,1e+20
92007.0,0.0
92008.0,1e+20
92009.0,0.0
92010.0,0.3490373654462928
92011.0,1e+20
92012.0,1e+20
92013.0,1e+20
92014.0,1e+20
92015.0,1.6087375586507733
92016.0,1e+20
92017.0,1e+20
92018.0,1e+20
92019.0,1e+20
92020.0,0.0
92021.0,0.0
92022.0,0.0
92023.0,0.0
92024.0,0.0
92025.0,1e+20
92026.0,0.0
92027.0,1e+20
92028.0,1e+20
92029.0,0.0
92030.0,0.0
92031.0,0.0
92032.0,1e+20
92033.0,1e+20
92034.0,1e+20
92035.0,0.0
92036.0,0.0
92037.0,1e+20
92038.0,1e+20
92039.0,1e+20
92040.0,0.0
92041.0,0.0
92042.0,1e+20
92043.0,0.0
92044.0,0.0
92045.0,0.0
92046.0,1e+20
92047.0,0.0
92048.0,1e+20
92049.0,1e+20
92050.0,1e+20
92051.0,1e+20
92052.0,1e+20
92053.0,1e+20
92054.0,0.0
92055.0,0.0
92056.0,1e+20
92057.0,1e+20
92058.0,0.0
92059.0,0.0
92060.0,0.0
92061.0,1e+20
92062.0,0.0
92063.0,1e+20
92064.0,1e+20
92065.0,1e+20
92066.0,1e+20
92067.0,1e+20
92068.0,0.0
92069.0,0.0
92070.0,1e+20
92071.0,1e+20
92072.0,1e+20
92073.0,0.0
92074.0,0.0
92075.0,1e+20
92076.0,1.08864738445709
92077.0,1e+20
92078.0,1e+20
92079.0,1e+20
92080.0,0.0
92081.0,0.0
92082.0,0.0
92083.0,0.0
92084.0,1e+20
92085.0,0.0
92086.0,1e+20
92087.0,1e+20
92088.0,0.0
92089.0,0.0
92090.0,1e+20
92091.0,1e+20
92092.0,0.0
92093.0,0.0
92094.0,1e+20
92095.0,0.0
92096.0,1e+20
92097.0,1e+20
92098.0,1e+20
92099.0,1e+20
92100.0,1e+20
92101.0,1e+20
92102.0,1e+20
92103.0,1e+20
92104.0,0.0
92105.0,0.0
92106.0,1e+20
92107.0,0.0
92108.0,1e+20
92109.0,1e+20
92110.0,1e+20
92111.0,0.0
92112.0,1e+20
92113.0,1e+20
92114.0,0.0
92115.0,0.0
92116.0,1e+20
92117.0,1e+20
92118.0,1e+20
92119.0,0.0
92120.0,0.0
92121.0,0.0
92122.0,1e+20
92123.0,0.0
92124.0,0.0
92125.0,1e+20
92126.0,1e+20
92127.0,1e+20
92128.0,1e+20
92129.0,1e+20
92130.0,0.0
92131.0,1e+20
92132.0,1e+20
92133.0,0.0
92134.0,0.0
92135.0,1e+20
92136.0,1e+20
92137.0,1e+20
92138.0,1e+20
92139.0,1e+20
92140.0,1e+20
92141.0,1e+20
92142.0,1e+20
92143.0,1e+20
92144.0,1e+20
92145.0,0.0
92146.0,1e+20
92147.0,-4.547473508864641e-13
92148.0,-4.547473508864641e-13
92149.0,1e+20
92150.0,1e+20
92151.0,1e+20
92152.0,1.6209725359649383
92153.0,1e+20
92154.0,1e+20
92155.0,0.0
92156.0,0.0
92157.0,1e+20
92158.0,1e+20
92159.0,1e+20
92160.0,1e+20
92161.0,1e+20
92162.0,0.0
92163.0,-4.547473508864641e-13
92164.0,1e+20
92165.0,1e+20
92166.0,1e+20
92167.0,0.0
92168.0,0.0
92169.0,0.0
92170.0,0.0
92171.0,0.0
92172.0,1e+20
92173.0,0.0
92174.0,1e+20
92175.0,1e+20
92176.0,1e+20
92177.0,1.236357538854918
92178.0,1e+20
92179.0,1e+20
92180.0,0.0
92181.0,0.0
92182.0,0.0
92183.0,1e+20
92184.0,0.0
92185.0,0.0
92186.0,1e+20
92187.0,1e+20
92188.0,1e+20
92189.0,1e+20
92190.0,0.0
92191.0,0.0
92192.0,1e+20
92193.0,0.0
92194.0,0.0
92195.0,0.0
92196.0,0.0
92197.0,1e+20
92198.0,1e+20
92199.0,1e+20
92200.0,0.0
92201.0,1e+20
92202.0,1e+20
92203.0,1e+20
92204.0,1e+20
92205.0,1e+20
92206.0,1e+20
92207.0,1e+20
92208.0,0.0
92209.0,0.0
92210.0,0.0
92211.0,1e+20
92212.0,4.547473508864641e-13
92213.0,0.0
92214.0,1e+20
92215.0,1e+20
92216.0,0.0
92217.0,0.0
92218.0,0.0
92219.0,0.0
92220.0,0.0
92221.0,1e+20
92222.0,1e+20
92223.0,1e+20
92224.0,0.0
92225.0,0.0
92226.0,1e+20
92227.0,1e+20
92228.0,0.0
92229.0,0.0
92230.0,0.0
92231.0,1e+20
92232.0,1e+20
92233.0,1e+20
92234.0,1e+20
92235.0,1e+20
92236.0,4.547473508864641e-13
92237.0,0.0
92238.0,0.0
92239.0,0.0
92240.0,1e+20
92241.0,0.0
92242.0,1e+20
92243.0,1e+20
92244.0,1e+20
92245.0,1e+20
92246.0,1e+20
92247.0,1e+20
92248.0,1e+20
92249.0,0.0
92250.0,0.0
92251.0,1e+20
92252.0,0.0
92253.0,1e+20
92254.0,0.0
92255.0,1e+20
92256.0,1e+20
92257.0,0.0
92258.0,1e+20
92259.0,1e+20
92260.0,1e+20
92261.0,1e+20
92262.0,1e+20
92263.0,0.0
92264.0,0.0
92265.0,0.0
92266.0,0.0
92267.0,0.0
92268.0,0.0
92269.0,0.0
92270.0,0.0
92271.0,0.0
92272.0,0.0
92273.0,0.0
92274.0,0.0
92275.0,0.0
92276.0,0.0
92277.0,0.0
92278.0,1e+20
92279.0,1e+20
92280.0,0.0
92281.0,0.0
92282.0,0.0
92283.0,0.0
92284.0,0.0
92285.0,0.0
92286.0,1e+20
92287.0,1e+20
92288.0,0.0
92289.0,0.0
92290.0,0.0
92291.0,0.0
92292.0,0.0
92293.0,1e+20
92294.0,0.0
92295.0,1e+20
92296.0,0.0
92297.0,1e+20
92298.0,1.1152135095771882
92299.0,1e+20
92300.0,0.0
92301.0,0.0
92302.0,0.0
92303.0,0.0
92304.0,0.0
92305.0,0.0
92306.0,0.0
92307.0,0.0
92308.0,1e+20
92309.0,1e+20
92310.0,0.0
92311.0,0.0
92312.0,0.0
92313.0,0.0
92314.0,0.0
92315.0,1e+20
92316.0,0.0
92317.0,0.0
92318.0,0.0
92319.0,0.0
92320.0,1e+20
92321.0,1e+20
92322.0,1e+20
92323.0,0.0
92324.0,0.0
92325.0,0.0
92326.0,1e+20
92327.0,0.0
92328.0,1e+20
92329.0,1e+20
92330.0,0.0
92331.0,0.0
92332.0,1e+20
92333.0,0.0
92334.0,1e+20
92335.0,1e+20
92336.0,1e+20
92337.0,0.0
92338.0,0.0
92339.0,0.0
92340.0,1e+20
92341.0,1e+20
92342.0,0.0
92343.0,1e+20
92344.0,1e+20
92345.0,0.0
92346.0,1e+20
92347.0,0.0
92348.0,1e+20
92349.0,0.0
92350.0,0.0
92351.0,1e+20
92352.0,1e+20
92353.0,0.0
92354.0,1e+20
92355.0,0.0
92356.0,1e+20
92357.0,0.0
92358.0,1e+20
92359.0,1e+20
92360.0,1e+20
92361.0,1e+20
92362.0,1e+20
92363.0,0.0
92364.0,0.0
92365.0,1e+20
92366.0,0.0
92367.0,0.0
92368.0,0.0
92369.0,1e+20
92370.0,1e+20
92371.0,1e+20
92372.0,1e+20
92373.0,0.0
92374.0,1e+20
92375.0,1e+20
92376.0,0.0
92377.0,0.0
92378.0,1e+20
92379.0,1e+20
92380.0,0.0
92381.0,0.0
92382.0,1e+20
92383.0,0.0
92384.0,1e+20
92385.0,0.16248399487813003
92386.0,1e+20
92387.0,1e+20
92388.0,1e+20
92389.0,0.0
92390.0,0.0
92391.0,0.0
92392.0,0.0
92393.0,0.0
92394.0,0.0
92395.0,0.0
92396.0,0.0
92397.0,1e+20
92398.0,0.0
92399.0,1e+20
92400.0,1e+20
92401.0,0.0
92402.0,0.0
92403.0,0.0
92404.0,1e+20
92405.0,1e+20
92406.0,0.0
92407.0,0.0
92408.0,0.0
92409.0,0.0
92410.0,0.0
92411.0,0.0
92412.0,1e+20
92413.0,1e+20
92414.0,1e+20
92415.0,0.9774683185169124
92416.0,1e+20
92417.0,1e+20
92418.0,1e+20
92419.0,-4.547473508864641e-13
92420.0,4.547473508864641e-13
92421.0,4.547473508864641e-13
92422.0,0.0
92423.0,0.0
92424.0,1e+20
92425.0,0.0
92426.0,1e+20
92427.0,1e+20
92428.0,0.0
92429.0,1e+20
92430.0,0.0
92431.0,1e+20
92432.0,0.0
92433.0,1e+20
92434.0,1e+20
92435.0,0.0
92436.0,0.0
92437.0,0.0
92438.0,1e+20
92439.0,1e+20
92440.0,1e+20
92441.0,1e+20
92442.0,0.0
92443.0,0.0
92444.0,0.0
92445.0,1e+20
92446.0,1e+20
92447.0,1e+20
92448.0,1e+20
92449.0,0.0
92450.0,1.4917062615604664
92451.0,1e+20
92452.0,0.0
92453.0,0.0
92454.0,1e+20
92455.0,1e+20
92456.0,0.5903618358338463
92457.0,1e+20
92458.0,1e+20
92459.0,0.0
92460.0,0.0
92461.0,0.5163035492446397
92462.0,1e+20
92463.0,1e+20
92464.0,1e+20
92465.0,1e+20
92466.0,0.0
92467.0,0.0
92468.0,0.0
92469.0,1e+20
92470.0,1e+20
92471.0,1e+20
92472.0,0.0
92473.0,1e+20
92474.0,0.0
92475.0,1e+20
92476.0,1e+20
92477.0,0.0
92478.0,0.0
92479.0,0.0
92480.0,0.0
92481.0,1e+20
92482.0,0.0
92483.0,0.8820715235265197
92484.0,1e+20
92485.0,1e+20
92486.0,0.0
92487.0,0.0
92488.0,1e+20
92489.0,1e+20
92490.0,0.0
92491.0,1e+20
92492.0,1e+20
92493.0,0.0
92494.0,1e+20
92495.0,1e+20
92496.0,0.0
92497.0,0.0
92498.0,1e+20
92499.0,1e+20
92500.0,1e+20
92501.0,0.0
92502.0,0.0
92503.0,0.0
92504.0,1e+20
92505.0,0.0
92506.0,1e+20
92507.0,0.0
92508.0,1e+20
92509.0,0.2754325913392677
92510.0,1e+20
92511.0,1e+20
92512.0,1e+20
92513.0,0.0
92514.0,0.0
92515.0,1e+20
92516.0,1e+20
92517.0,1e+20
92518.0,1e+20
92519.0,0.0
92520.0,0.0
92521.0,0.0
92522.0,1e+20
92523.0,0.0
92524.0,0.0
92525.0,1e+20
92526.0,1e+20
92527.0,1e+20
92528.0,1e+20
92529.0,0.0
92530.0,0.0
92531.0,0.0
92532.0,0.0
92533.0,1e+20
92534.0,0.0
92535.0,1e+20
92536.0,0.0
92537.0,0.0
92538.0,0.0
92539.0,0.0
92540.0,0.0
92541.0,1e+20
92542.0,0.0
92543.0,1e+20
92544.0,1e+20
92545.0,1e+20
92546.0,0.0
92547.0,0.0
92548.0,1e+20
92549.0,1e+20
92550.0,1e+20
92551.0,1e+20
92552.0,0.0
92553.0,-4.547473508864641e-13
92554.0,0.0
92555.0,0.0
92556.0,1e+20
92557.0,0.0
92558.0,1e+20
92559.0,1e+20
92560.0,1e+20
92561.0,1e+20
92562.0,1e+20
92563.0,0.0
92564.0,1e+20
92565.0,1e+20
92566.0,0.0
92567.0,0.0
92568.0,0.0
92569.0,1e+20
92570.0,1e+20
92571.0,1e+20
92572.0,0.0
92573.0,0.0
92574.0,0.0
92575.0,0.0
92576.0,0.0
92577.0,1e+20
92578.0,0.0
92579.0,1e+20
92580.0,0.0
92581.0,0.0
92582.0,0.0
92583.0,0.0
92584.0,1e+20
92585.0,1e+20
92586.0,1e+20
92587.0,0.0
92588.0,-4.547473508864641e-13
92589.0,0.0
92590.0,1e+20
92591.0,0.0
92592.0,0.0
92593.0,1e+20
92594.0,1e+20
92595.0,1e+20
92596.0,1e+20
92597.0,0.0
92598.0,1e+20
92599.0,1e+20
92600.0,1e+20
92601.0,1e+20
92602.0,0.0
92603.0,0.0
92604.0,1e+20
92605.0,1e+20
92606.0,1e+20
92607.0,1e+20
92608.0,1e+20
92609.0,1e+20
92610.0,1e+20
92611.0,1e+20
92612.0,1e+20
92613.0,0.0
92614.0,1e+20
92615.0,1.7908599483812395
92616.0,1e+20
92617.0,0.0
92618.0,0.0
92619.0,0.0
92620.0,1e+20
92621.0,1e+20
92622.0,0.0
92623.0,1e+20
92624.0,0.0
92625.0,1e+20
92626.0,1e+20
92627.0,1e+20
92628.0,0.0
92629.0,1e+20
92630.0,1e+20
92631.0,1e+20
92632.0,0.0
92633.0,0.0
92634.0,0.0
92635.0,0.0
92636.0,0.0
92637.0,0.0
92638.0,1e+20
92639.0,0.0
92640.0,0.0
92641.0,0.0
92642.0,0.0
92643.0,1e+20
92644.0,0.0
92645.0,0.0
92646.0,0.0
92647.0,1e+20
92648.0,0.0
92649.0,0.0
92650.0,0.0
92651.0,1e+20
92652.0,1e+20
92653.0,0.0
92654.0,0.0
92655.0,1e+20
92656.0,1e+20
92657.0,1e+20
92658.0,0.0
92659.0,0.0
92660.0,0.0
92661.0,1e+20
92662.0,1e+20
92663.0,1e+20
92664.0,1.8985846369214414
92665.0,1e+20
92666.0,1e+20
92667.0,1e+20
92668.0,1e+20
92669.0,1e+20
92670.0,0.0
92671.0,0.0
92672.0,1e+20
92673.0,1e+20
92674.0,0.0
92675.0,0.0
92676.0,1e+20
92677.0,1e+20
92678.0,1e+20
92679.0,0.0
92680.0,0.0
92681.0,0.0
92682.0,1e+20
92683.0,0.0
92684.0,0.0
92685.0,0.0
92686.0,1e+20
92687.0,1e+20
92688.0,0.0
92689.0,0.0
92690.0,0.0
92691.0,1e+20
92692.0,0.0
92693.0,1e+20
92694.0,1.477326315789469
92695.0,1e+20
92696.0,1e+20
92697.0,0.0
92698.0,0.0
92699.0,0.0
92700.0,1e+20
92701.0,1e+20
92702.0,0.0
92703.0,0.0
92704.0,0.0
92705.0,0.0
92706.0,0.0
92707.0,1e+20
92708.0,1e+20
92709.0,1e+20
92710.0,1e+20
92711.0,1e+20
92712.0,4.547473508864641e-13
92713.0,1e+20
92714.0,1e+20
92715.0,1e+20
92716.0,1e+20
92717.0,0.0
92718.0,0.0
92719.0,0.0
92720.0,0.0
92721.0,0.0
92722.0,1e+20
92723.0,0.0
92724.0,1e+20
92725.0,0.0
92726.0,1e+20
92727.0,0.0
92728.0,0.0
92729.0,0.0
92730.0,1e+20
92731.0,1e+20
92732.0,0.0
92733.0,1e+20
92734.0,1e+20
92735.0,0.0
92736.0,1e+20
92737.0,0.0
92738.0,0.0
92739.0,1e+20
92740.0,1e+20
92741.0,1e+20
92742.0,1e+20
92743.0,0.0
92744.0,0.0
92745.0,1e+20
92746.0,0.0
92747.0,1e+20
92748.0,1e+20
92749.0,0.0
92750.0,0.0
92751.0,1e+20
92752.0,1e+20
92753.0,1e+20
92754.0,0.0
92755.0,0.0
92756.0,0.0
92757.0,0.0
92758.0,0.0
92759.0,0.0
92760.0,1e+20
92761.0,0.0
92762.0,1e+20
92763.0,1e+20
92764.0,1e+20
92765.0,1e+20
92766.0,1e+20
92767.0,0.0
92768.0,1e+20
92769.0,0.0
92770.0,1e+20
92771.0,1e+20
92772.0,0.42351849266742647
92773.0,0.5338406836754075
92774.0,1e+20
92775.0,1e+20
92776.0,0.0
92777.0,0.0
92778.0,1e+20
92779.0,1e+20
92780.0,0.0
92781.0,0.0
92782.0,0.0
92783.0,1e+20
92784.0,1e+20
92785.0,1e+20
92786.0,1e+20
92787.0,0.0
92788.0,0.0
92789.0,0.0
92790.0,1e+20
92791.0,0.0
92792.0,1e+20
92793.0,1e+20
92794.0,0.0
92795.0,0.0
92796.0,1e+20
92797.0,1e+20
92798.0,1e+20
92799.0,0.0
92800.0,0.0
92801.0,0.0
92802.0,0.5848597339272601
92803.0,1e+20
92804.0,1e+20
92805.0,1e+20
92806.0,1e+20
92807.0,1e+20
92808.0,0.0
92809.0,0.0
92810.0,1e+20
92811.0,0.0
92812.0,1e+20
92813.0,0.0
92814.0,1e+20
92815.0,1e+20
92816.0,1e+20
92817.0,1e+20
92818.0,0.0
92819.0,1e+20
92820.0,0.0
92821.0,1e+20
92822.0,1e+20
92823.0,0.0
92824.0,0.0
92825.0,0.0
92826.0,0.0
92827.0,0.0
92828.0,1e+20
92829.0,1e+20
92830.0,1e+20
92831.0,1e+20
92832.0,1e+20
92833.0,1e+20
92834.0,0.0
92835.0,0.0
92836.0,1e+20
92837.0,0.0
92838.0,1e+20
92839.0,1e+20
92840.0,1e+20
92841.0,1e+20
92842.0,1e+20
92843.0,1e+20
92844.0,1e+20
92845.0,1e+20
92846.0,1e+20
92847.0,0.0
92848.0,0.0
92849.0,1e+20
92850.0,0.0
92851.0,1e+20
92852.0,1e+20
92853.0,1e+20
92854.0,1e+20
92855.0,1e+20
92856.0,1e+20
92857.0,1e+20
92858.0,0.0
92859.0,1.9113184219399955
92860.0,1e+20
92861.0,1e+20
92862.0,1e+20
92863.0,0.0
92864.0,4.547473508864641e-13
92865.0,0.0
92866.0,1e+20
92867.0,1e+20
92868.0,1e+20
92869.0,1e+20
92870.0,1e+20
92871.0,1e+20
92872.0,1e+20
92873.0,0.0
92874.0,0.0
92875.0,0.0
92876.0,0.0
92877.0,0.0
92878.0,0.0
92879.0,1e+20
92880.0,0.0
92881.0,2.0
92882.0,1e+20
92883.0,1e+20
92884.0,1e+20
92885.0,0.0
92886.0,0.0
92887.0,1e+20
92888.0,1e+20
92889.0,1e+20
92890.0,1e+20
92891.0,1e+20
92892.0,4.547473508864641e-13
92893.0,1e+20
92894.0,0.0
92895.0,0.0
92896.0,1e+20
92897.0,1e+20
92898.0,1e+20
92899.0,0.0
92900.0,1e+20
92901.0,0.0
92902.0,0.0
92903.0,1e+20
92904.0,1e+20
92905.0,1e+20
92906.0,9.094947017729282e-13
92907.0,1e+20
92908.0,1e+20
92909.0,1e+20
92910.0,1e+20
92911.0,1e+20
92912.0,0.0
92913.0,1e+20
92914.0,1e+20
92915.0,1e+20
92916.0,1.9625266800576355
92917.0,1e+20
92918.0,1e+20
92919.0,1e+20
92920.0,1e+20
92921.0,1e+20
92922.0,1e+20
92923.0,1e+20
92924.0,1e+20
92925.0,1e+20
92926.0,1e+20
92927.0,1e+20
92928.0,1e+20
92929.0,1e+20
92930.0,0.0
92931.0,1e+20
92932.0,1e+20
92933.0,1e+20
92934.0,1e+20
92935.0,1e+20
92936.0,1e+20
92937.0,1e+20
92938.0,1e+20
92939.0,1e+20
92940.0,1e+20
92941.0,0.0
92942.0,0.0
92943.0,0.0
92944.0,0.0
92945.0,0.0
92946.0,1e+20
92947.0,1e+20
92948.0,1e+20
92949.0,1e+20
92950.0,1e+20
92951.0,0.0
92952.0,0.0
92953.0,1e+20
92954.0,0.0
92955.0,1e+20
92956.0,1e+20
92957.0,1e+20
92958.0,1e+20
92959.0,1e+20
92960.0,1e+20
92961.0,1e+20
92962.0,1e+20
92963.0,0.0
92964.0,1e+20
92965.0,1e+20
92966.0,1e+20
92967.0,1e+20
92968.0,1e+20
92969.0,0.0
92970.0,1.8586722555796769
92971.0,1e+20
92972.0,1e+20
92973.0,0.0
92974.0,1e+20
92975.0,1e+20
92976.0,1e+20
92977.0,1e+20
92978.0,1e+20
92979.0,0.0
92980.0,0.0
92981.0,0.0
92982.0,1e+20
92983.0,0.9125856699333781
92984.0,1e+20
92985.0,0.0
92986.0,0.0
92987.0,0.19116495899106667
92988.0,1e+20
92989.0,0.0
92990.0,1e+20
92991.0,0.0
92992.0,1e+20
92993.0,1e+20
92994.0,0.0
92995.0,1e+20
92996.0,1.2354564790311997
92997.0,1e+20
92998.0,1e+20
92999.0,1e+20
93000.0,1e+20
93001.0,0.0
93002.0,0.0
93003.0,1e+20
93004.0,1.4035476718404425
93005.0,1e+20
93006.0,1e+20
93007.0,1e+20
93008.0,1e+20
93009.0,0.0
93010.0,1e+20
93011.0,0.730376995217739
93012.0,1e+20
93013.0,1e+20
93014.0,1e+20
93015.0,1e+20
93016.0,1e+20
93017.0,1e+20
93018.0,1e+20
93019.0,1e+20
93020.0,0.0
93021.0,1e+20
93022.0,0.0
93023.0,0.0
93024.0,1e+20
93025.0,1e+20
93026.0,1e+20
93027.0,1e+20
93028.0,1e+20
93029.0,0.0
93030.0,0.0
93031.0,0.0
93032.0,0.0
93033.0,1e+20
93034.0,1e+20
93035.0,1e+20
93036.0,0.0
93037.0,0.0
93038.0,0.0
93039.0,0.0
93040.0,1e+20
93041.0,1e+20
93042.0,1e+20
93043.0,1e+20
93044.0,1e+20
93045.0,0.919979445975514
93046.0,1e+20
93047.0,1e+20
93048.0,1e+20
93049.0,1e+20
93050.0,1e+20
93051.0,1e+20
93052.0,1.4397927680979592
93053.0,1e+20
93054.0,1e+20
93055.0,1e+20
93056.0,1e+20
93057.0,1.7179401877015152
93058.0,1e+20
93059.0,1e+20
93060.0,1e+20
93061.0,1e+20
93062.0,1e+20
93063.0,1e+20
93064.0,1e+20
93065.0,1e+20
93066.0,1e+20
93067.0,1e+20
93068.0,1e+20
93069.0,1e+20
93070.0,1e+20
93071.0,1e+20
93072.0,1e+20
93073.0,1e+20
93074.0,1e+20
93075.0,1e+20
93076.0,1e+20
93077.0,1e+20
93078.0,1e+20
93079.0,1e+20
93080.0,1e+20
93081.0,1e+20
93082.0,1e+20
93083.0,1e+20
93084.0,0.0
93085.0,0.0
93086.0,0.0
93087.0,1e+20
93088.0,1e+20
93089.0,1e+20
93090.0,1e+20
93091.0,1e+20
93092.0,1e+20
93093.0,1e+20
93094.0,1e+20
93095.0,1e+20
93096.0,1e+20
93097.0,1e+20
93098.0,1e+20
93099.0,1e+20
93100.0,1e+20
93101.0,1e+20
93102.0,1e+20
93103.0,1e+20
93104.0,1e+20
93105.0,0.0
93106.0,1e+20
93107.0,1e+20
93108.0,1e+20
93109.0,0.0
93110.0,0.0
93111.0,0.0
93112.0,1e+20
93113.0,1e+20
93114.0,1e+20
93115.0,1e+20
93116.0,1e+20
93117.0,1e+20
93118.0,1e+20
93119.0,1e+20
93120.0,1e+20
93121.0,1e+20
93122.0,1e+20
93123.0,1e+20
93124.0,0.0
93125.0,0.0
93126.0,0.0
93127.0,0.0
93128.0,0.0
93129.0,0.0
93130.0,1e+20
93131.0,1e+20
93132.0,0.0
93133.0,0.0
93134.0,1.397999191402505
93135.0,1e+20
93136.0,1e+20
93137.0,0.0
93138.0,0.0
93139.0,0.0
93140.0,1e+20
93141.0,0.0
93142.0,1e+20
93143.0,1e+20
93144.0,0.0
93145.0,0.0
93146.0,1e+20
93147.0,1e+20
93148.0,1e+20
93149.0,0.0
93150.0,1e+20
93151.0,0.0
93152.0,0.0
93153.0,4.547473508864641e-13
93154.0,0.0
93155.0,4.547473508864641e-13
93156.0,1e+20
93157.0,1e+20
93158.0,0.0
93159.0,0.0
93160.0,0.0
93161.0,1e+20
93162.0,1e+20
93163.0,1e+20
93164.0,1e+20
93165.0,0.0
93166.0,1e+20
93167.0,1e+20
93168.0,0.0
93169.0,0.0
93170.0,1e+20
93171.0,1e+20
93172.0,1e+20
93173.0,1e+20
93174.0,0.0
93175.0,0.0
93176.0,0.0
93177.0,1e+20
93178.0,1.3667127071821596
93179.0,1e+20
93180.0,1e+20
93181.0,0.0
93182.0,0.0
93183.0,1e+20
93184.0,0.0
93185.0,1e+20
93186.0,0.0
93187.0,1e+20
93188.0,1e+20
93189.0,0.0
93190.0,0.0
93191.0,1e+20
93192.0,1e+20
93193.0,1e+20
93194.0,1e+20
93195.0,0.0
93196.0,1e+20
93197.0,0.0
93198.0,0.0
93199.0,0.0
93200.0,1e+20
93201.0,1e+20
93202.0,1e+20
93203.0,1e+20
93204.0,0.0
93205.0,0.0
93206.0,1e+20
93207.0,1e+20
93208.0,1e+20
93209.0,1e+20
93210.0,1e+20
93211.0,1e+20
93212.0,0.0
93213.0,1e+20
93214.0,0.0
93215.0,0.0
93216.0,1e+20
93217.0,1e+20
93218.0,0.0
93219.0,1e+20
93220.0,1e+20
93221.0,1e+20
93222.0,1e+20
93223.0,0.0
93224.0,0.0
93225.0,0.0
93226.0,0.0
93227.0,0.0
93228.0,0.0
93229.0,0.0
93230.0,0.0
93231.0,0.0
93232.0,0.0
93233.0,0.0
93234.0,0.0
93235.0,0.0
93236.0,0.0
93237.0,1e+20
93238.0,1e+20
93239.0,1e+20
93240.0,0.0
93241.0,0.0
93242.0,0.0
93243.0,0.0
93244.0,0.0
93245.0,1e+20
93246.0,0.0
93247.0,1e+20
93248.0,0.0
93249.0,0.0
93250.0,1e+20
93251.0,1e+20
93252.0,1e+20
93253.0,1e+20
93254.0,1e+20
93255.0,0.0
93256.0,0.0
93257.0,0.0
93258.0,1.2912419337467327
93259.0,1e+20
93260.0,1e+20
93261.0,1e+20
93262.0,1e+20
93263.0,1e+20
93264.0,1e+20
93265.0,0.0
93266.0,0.0
93267.0,0.0
93268.0,1e+20
93269.0,0.0
93270.0,0.0
93271.0,0.0
93272.0,1e+20
93273.0,1e+20
93274.0,1e+20
93275.0,1e+20
93276.0,1e+20
93277.0,1e+20
93278.0,1e+20
93279.0,0.0
93280.0,1e+20
93281.0,1.9052429827861488
93282.0,1e+20
93283.0,1e+20
93284.0,0.0
93285.0,1e+20
93286.0,0.0
93287.0,1e+20
93288.0,1e+20
93289.0,1e+20
93290.0,0.0
93291.0,0.0
93292.0,0.0
93293.0,0.0
93294.0,0.0
93295.0,0.0
93296.0,0.0
93297.0,0.0
93298.0,0.2980372687625277
93299.0,1e+20
93300.0,0.0
93301.0,0.0
93302.0,0.0
93303.0,0.3323018655064516
93304.0,1e+20
93305.0,1e+20
93306.0,0.0
93307.0,0.0
93308.0,1e+20
93309.0,0.0
93310.0,0.0
93311.0,1e+20
93312.0,1e+20
93313.0,0.0
93314.0,0.0
93315.0,0.0
93316.0,1e+20
93317.0,0.0
93318.0,0.0
93319.0,0.0
93320.0,0.0
93321.0,0.0
93322.0,0.0
93323.0,0.0
93324.0,1e+20
93325.0,0.0
93326.0,0.0
93327.0,1e+20
93328.0,0.0
93329.0,1e+20
93330.0,0.0
93331.0,1e+20
93332.0,0.0
93333.0,1e+20
93334.0,1e+20
93335.0,1e+20
93336.0,0.0
93337.0,1e+20
93338.0,1e+20
93339.0,0.0
93340.0,0.0
93341.0,1e+20
93342.0,1e+20
93343.0,1e+20
93344.0,1e+20
93345.0,0.0
93346.0,0.0
93347.0,0.0
93348.0,0.0
93349.0,1e+20
93350.0,0.0
93351.0,0.0
93352.0,0.0
93353.0,0.0
93354.0,1e+20
93355.0,1e+20
93356.0,0.0
93357.0,0.0
93358.0,1e+20
93359.0,0.0
93360.0,1e+20
93361.0,1e+20
93362.0,1e+20
93363.0,0.0
93364.0,1e+20
93365.0,1e+20
93366.0,1e+20
93367.0,1e+20
93368.0,1e+20
93369.0,0.0
93370.0,0.0
93371.0,0.0
93372.0,0.0
93373.0,0.0
93374.0,0.0
93375.0,1e+20
93376.0,1e+20
93377.0,1e+20
93378.0,1e+20
93379.0,0.0
93380.0,1.5413019240745598
93381.0,1e+20
93382.0,1e+20
93383.0,0.0
93384.0,1e+20
93385.0,1e+20
93386.0,1e+20
93387.0,1e+20
93388.0,1e+20
93389.0,0.0
93390.0,0.0
93391.0,0.0
93392.0,0.0
93393.0,0.0
93394.0,0.0
93395.0,0.0
93396.0,1e+20
93397.0,1e+20
93398.0,0.0
93399.0,1e+20
93400.0,1e+20
93401.0,0.0
93402.0,0.0
93403.0,0.0
93404.0,0.0
93405.0,0.0
93406.0,0.0
93407.0,0.0
93408.0,1e+20
93409.0,1e+20
93410.0,0.0
93411.0,1e+20
93412.0,1e+20
93413.0,0.0
93414.0,0.0
93415.0,0.0
93416.0,1e+20
93417.0,1e+20
93418.0,1e+20
93419.0,1e+20
93420.0,1e+20
93421.0,1e+20
93422.0,1e+20
93423.0,0.0
93424.0,0.0
93425.0,1e+20
93426.0,0.0
93427.0,0.0
93428.0,4.547473508864641e-13
93429.0,1e+20
93430.0,0.0
93431.0,0.0
93432.0,1e+20
93433.0,1e+20
93434.0,1e+20
93435.0,1e+20
93436.0,1e+20
93437.0,1e+20
93438.0,1e+20
93439.0,0.0
93440.0,0.0
93441.0,0.0
93442.0,1.4391778241270003
93443.0,1e+20
93444.0,1e+20
93445.0,0.0
93446.0,0.0
93447.0,0.0
93448.0,0.0
93449.0,0.0
93450.0,0.0
93451.0,1e+20
93452.0,1e+20
93453.0,1e+20
93454.0,1e+20
93455.0,1e+20
93456.0,0.0
93457.0,1e+20
93458.0,1e+20
93459.0,1e+20
93460.0,0.0
93461.0,0.0
93462.0,1e+20
93463.0,0.0
93464.0,1e+20
93465.0,1e+20
93466.0,1e+20
93467.0,1e+20
93468.0,1e+20
93469.0,0.0
93470.0,0.0
93471.0,0.0
93472.0,1e+20
93473.0,0.0
93474.0,0.0
93475.0,1e+20
93476.0,1e+20
93477.0,1e+20
93478.0,1e+20
93479.0,0.0
93480.0,0.0
93481.0,1e+20
93482.0,0.0
93483.0,0.0
93484.0,1e+20
93485.0,1e+20
93486.0,1e+20
93487.0,1e+20
93488.0,0.0
93489.0,1e+20
93490.0,0.0
93491.0,0.0
93492.0,1e+20
93493.0,1e+20
93494.0,1e+20
93495.0,1e+20
93496.0,1e+20
93497.0,1e+20
93498.0,0.0
93499.0,0.0
93500.0,0.0
93501.0,1e+20
93502.0,0.0
93503.0,1e+20
93504.0,0.0
93505.0,1e+20
93506.0,1e+20
93507.0,1e+20
93508.0,0.0
93509.0,1e+20
93510.0,0.0
93511.0,0.0
93512.0,1e+20
93513.0,1e+20
93514.0,1e+20
93515.0,0.0
93516.0,0.0
93517.0,0.0
93518.0,0.0
93519.0,0.0
93520.0,1e+20
93521.0,1e+20
93522.0,0.0
93523.0,0.0
93524.0,0.0
93525.0,0.0
93526.0,0.0
93527.0,0.0
93528.0,1e+20
93529.0,1e+20
93530.0,1e+20
93531.0,1e+20
93532.0,1e+20
93533.0,1e+20
93534.0,1e+20
93535.0,1e+20
93536.0,1e+20
93537.0,1e+20
93538.0,1e+20
93539.0,1e+20
93540.0,1e+20
93541.0,1e+20
93542.0,1e+20
93543.0,1e+20
93544.0,0.0
93545.0,1e+20
93546.0,1e+20
93547.0,0.0
93548.0,0.0
93549.0,1e+20
93550.0,1e+20
93551.0,0.0
93552.0,0.0
93553.0,1e+20
93554.0,1.8251865521356194
93555.0,1e+20
93556.0,1e+20
93557.0,1e+20
93558.0,1e+20
93559.0,0.0
93560.0,0.0
93561.0,0.0
93562.0,0.0
93563.0,1e+20
93564.0,0.0
93565.0,0.0
93566.0,1e+20
93567.0,1e+20
93568.0,0.0
93569.0,0.0
93570.0,1e+20
93571.0,0.0
93572.0,0.0
93573.0,1e+20
93574.0,1e+20
93575.0,1e+20
93576.0,1e+20
93577.0,1e+20
93578.0,1e+20
93579.0,1e+20
93580.0,1e+20
93581.0,0.0
93582.0,0.0
93583.0,1e+20
93584.0,1e+20
93585.0,0.0
93586.0,1e+20
93587.0,0.0
93588.0,1e+20
93589.0,0.0
93590.0,1e+20
93591.0,0.0
93592.0,0.0
93593.0,1e+20
93594.0,1e+20
93595.0,1e+20
93596.0,1e+20
93597.0,1e+20
93598.0,1e+20
93599.0,0.0
93600.0,1e+20
93601.0,1e+20
93602.0,1e+20
93603.0,1e+20
93604.0,1e+20
93605.0,1e+20
93606.0,1e+20
93607.0,1e+20
93608.0,0.0
93609.0,1e+20
93610.0,0.0
93611.0,1e+20
93612.0,0.0
93613.0,1e+20
93614.0,0.0
93615.0,1e+20
93616.0,1e+20
93617.0,1e+20
93618.0,1e+20
93619.0,1e+20
93620.0,1e+20
93621.0,1e+20
93622.0,0.0
93623.0,0.0
93624.0,1e+20
93625.0,0.0
93626.0,1e+20
93627.0,0.0
93628.0,1e+20
93629.0,0.0
93630.0,0.0
93631.0,1e+20
93632.0,0.0
93633.0,0.0
93634.0,1e+20
93635.0,1e+20
93636.0,1e+20
93637.0,1e+20
93638.0,1e+20
93639.0,1e+20
93640.0,1e+20
93641.0,1e+20
93642.0,1e+20
93643.0,1e+20
93644.0,1e+20
93645.0,0.0
93646.0,0.0
93647.0,0.0
93648.0,1e+20
93649.0,1e+20
93650.0,0.0
93651.0,1e+20
93652.0,0.0
93653.0,1e+20
93654.0,1e+20
93655.0,1e+20
93656.0,1e+20
93657.0,1e+20
93658.0,0.0
93659.0,0.0
93660.0,0.0
93661.0,0.0
93662.0,0.0
93663.0,0.0
93664.0,-9.094947017729282e-13
93665.0,0.0
93666.0,0.0
93667.0,0.0
93668.0,0.0
93669.0,0.0
93670.0,0.0
93671.0,1e+20
93672.0,1e+20
93673.0,0.0
93674.0,0.0
93675.0,4.547473508864641e-13
93676.0,0.0
93677.0,0.0
93678.0,0.0
93679.0,1e+20
93680.0,0.0
93681.0,0.0
93682.0,0.0
93683.0,1e+20
93684.0,1e+20
93685.0,0.0
93686.0,0.0
93687.0,0.0
93688.0,0.54071452727203
93689.0,0.6224330343411566
93690.0,1e+20
93691.0,0.0
93692.0,1e+20
93693.0,0.0
93694.0,0.0
93695.0,1e+20
93696.0,1e+20
93697.0,0.0
93698.0,1e+20
93699.0,0.0
93700.0,1e+20
93701.0,1e+20
93702.0,1e+20
93703.0,1e+20
93704.0,0.0
93705.0,0.0
93706.0,0.0
93707.0,1e+20
93708.0,1e+20
93709.0,1e+20
93710.0,1e+20
93711.0,1e+20
93712.0,1e+20
93713.0,0.0
93714.0,0.0
93715.0,0.0
93716.0,0.0
93717.0,0.0
93718.0,0.0
93719.0,0.0
93720.0,0.0
93721.0,1e+20
93722.0,0.0
93723.0,0.0
93724.0,1e+20
93725.0,0.0
93726.0,1e+20
93727.0,1e+20
93728.0,0.0
93729.0,0.0
93730.0,0.0
93731.0,1e+20
93732.0,0.0
93733.0,1e+20
93734.0,1e+20
93735.0,0.0
93736.0,1e+20
93737.0,0.7100549569036048
93738.0,1e+20
93739.0,1e+20
93740.0,0.0
93741.0,0.0
93742.0,0.0
93743.0,0.0
93744.0,1e+20
93745.0,0.0
93746.0,1e+20
93747.0,0.0
93748.0,1e+20
93749.0,1e+20
93750.0,1e+20
93751.0,1e+20
93752.0,1e+20
93753.0,0.0
93754.0,0.0
93755.0,1e+20
93756.0,0.0
93757.0,1e+20
93758.0,1e+20
93759.0,0.0
93760.0,0.0
93761.0,0.0
93762.0,1e+20
93763.0,1e+20
93764.0,-4.547473508864641e-13
93765.0,0.0
93766.0,1e+20
93767.0,1e+20
93768.0,0.0
93769.0,0.0
93770.0,0.0
93771.0,1e+20
93772.0,1e+20
93773.0,0.0
93774.0,0.0
93775.0,1e+20
93776.0,1e+20
93777.0,1e+20
93778.0,0.0
93779.0,0.0
93780.0,0.0
93781.0,1e+20
93782.0,1e+20
93783.0,1e+20
93784.0,-4.547473508864641e-13
93785.0,0.0
93786.0,0.0
93787.0,0.0
93788.0,0.0
93789.0,0.0
93790.0,1e+20
93791.0,1e+20
93792.0,0.0
93793.0,4.547473508864641e-13
93794.0,0.0
93795.0,1e+20
93796.0,0.0
93797.0,0.0
93798.0,1e+20
93799.0,1e+20
93800.0,0.0
93801.0,1e+20
93802.0,0.0
93803.0,1e+20
93804.0,0.0
93805.0,1e+20
93806.0,1e+20
93807.0,0.0
93808.0,-4.547473508864641e-13
93809.0,-4.547473508864641e-13
93810.0,1e+20
93811.0,0.0
93812.0,1e+20
93813.0,1e+20
93814.0,1e+20
93815.0,0.0
93816.0,0.0
93817.0,0.0
93818.0,0.0
93819.0,0.0
93820.0,0.0
93821.0,0.0
93822.0,0.0
93823.0,1e+20
93824.0,0.0
93825.0,1e+20
93826.0,1e+20
93827.0,0.0
93828.0,0.0
93829.0,1e+20
93830.0,1e+20
93831.0,1e+20
93832.0,0.0
93833.0,0.0
93834.0,0.0
93835.0,0.0
93836.0,0.0
93837.0,1e+20
93838.0,0.0
93839.0,1e+20
93840.0,1e+20
93841.0,1e+20
93842.0,0.0
93843.0,0.0
93844.0,0.0
93845.0,1e+20
93846.0,1.8004978065064279
93847.0,1e+20
93848.0,1e+20
93849.0,1e+20
93850.0,0.0
93851.0,1e+20
93852.0,1e+20
93853.0,0.0
93854.0,0.0
93855.0,0.0
93856.0,1e+20
93857.0,0.0
93858.0,1e+20
93859.0,1e+20
93860.0,0.0
93861.0,1e+20
93862.0,1e+20
93863.0,0.0
93864.0,0.0
93865.0,0.0
93866.0,1e+20
93867.0,0.48651634714451575
93868.0,1e+20
93869.0,1e+20
93870.0,1e+20
93871.0,0.0
93872.0,0.0
93873.0,1e+20
93874.0,1e+20
93875.0,1e+20
93876.0,0.0
93877.0,0.0
93878.0,0.0
93879.0,0.0
93880.0,0.0
93881.0,1.662891650410529
93882.0,0.0
93883.0,1e+20
93884.0,0.0
93885.0,1e+20
93886.0,1e+20
93887.0,0.0
93888.0,0.0
93889.0,1e+20
93890.0,1e+20
93891.0,0.0
93892.0,1e+20
93893.0,1e+20
93894.0,1e+20
93895.0,1e+20
93896.0,1e+20
93897.0,1e+20
93898.0,0.0
93899.0,0.0
93900.0,0.0
93901.0,1e+20
93902.0,1e+20
93903.0,0.0
93904.0,1e+20
93905.0,1e+20
93906.0,1e+20
93907.0,0.0
93908.0,9.094947017729282e-13
93909.0,0.0
93910.0,0.0
93911.0,1e+20
93912.0,1e+20
93913.0,0.0
93914.0,0.0
93915.0,0.0
93916.0,1e+20
93917.0,0.0
93918.0,0.0
93919.0,1e+20
93920.0,1e+20
93921.0,1e+20
93922.0,1.645387064329043
93923.0,1.6832158611823616
93924.0,1e+20
93925.0,0.0
93926.0,0.0
93927.0,1e+20
93928.0,0.0
93929.0,1e+20
93930.0,0.0
93931.0,1e+20
93932.0,1e+20
93933.0,0.0
93934.0,1e+20
93935.0,1e+20
93936.0,1e+20
93937.0,0.0
93938.0,0.0
93939.0,1e+20
93940.0,0.0
93941.0,1e+20
93942.0,1e+20
93943.0,0.0
93944.0,-4.547473508864641e-13
93945.0,0.20523788914260876
93946.0,1e+20
93947.0,1e+20
93948.0,0.0
93949.0,0.0
93950.0,0.0
93951.0,0.0
93952.0,0.0
93953.0,0.0
93954.0,0.0
93955.0,1e+20
93956.0,0.0
93957.0,1e+20
93958.0,1e+20
93959.0,1e+20
93960.0,0.0
93961.0,0.0
93962.0,0.0
93963.0,1e+20
93964.0,1e+20
93965.0,0.0
93966.0,1e+20
93967.0,-4.547473508864641e-13
93968.0,1e+20
93969.0,1e+20
93970.0,1e+20
93971.0,1.9277423886837823
93972.0,1e+20
93973.0,1e+20
93974.0,0.0
93975.0,0.0
93976.0,0.0
93977.0,0.0
93978.0,1.472154449984373
93979.0,1e+20
93980.0,1e+20
93981.0,0.0
93982.0,1e+20
93983.0,1e+20
93984.0,1e+20
93985.0,1e+20
93986.0,0.0
93987.0,1e+20
93988.0,0.0
93989.0,1e+20
93990.0,1e+20
93991.0,1e+20
93992.0,0.0
93993.0,1e+20
93994.0,0.0
93995.0,0.0
93996.0,0.0
93997.0,1e+20
93998.0,1e+20
93999.0,1e+20
94000.0,1e+20
94001.0,1e+20
94002.0,0.0
94003.0,0.0
94004.0,0.0
94005.0,1e+20
94006.0,1e+20
94007.0,0.0
94008.0,0.0
94009.0,1e+20
94010.0,0.0
94011.0,0.0
94012.0,1e+20
94013.0,0.0
94014.0,1e+20
94015.0,1e+20
94016.0,0.0
94017.0,0.0
94018.0,1e+20
94019.0,1e+20
94020.0,0.0
94021.0,0.0
94022.0,0.0
94023.0,1.5702419825847755
94024.0,1e+20
94025.0,1e+20
94026.0,1e+20
94027.0,0.0
94028.0,1e+20
94029.0,0.0
94030.0,1e+20
94031.0,1e+20
94032.0,0.0
94033.0,0.0
94034.0,0.0
94035.0,1e+20
94036.0,0.0
94037.0,1e+20
94038.0,1.0134118728906287
94039.0,1e+20
94040.0,1e+20
94041.0,0.0
94042.0,1e+20
94043.0,0.0
94044.0,0.0
94045.0,1e+20
94046.0,1e+20
94047.0,1e+20
94048.0,0.0
94049.0,0.0
94050.0,0.0
94051.0,0.0
94052.0,0.0
94053.0,0.0
94054.0,0.0
94055.0,0.0
94056.0,0.0
94057.0,1e+20
94058.0,1e+20
94059.0,1e+20
94060.0,0.0
94061.0,0.0
94062.0,1e+20
94063.0,1e+20
94064.0,0.0
94065.0,0.0
94066.0,0.0
94067.0,1e+20
94068.0,0.0
94069.0,1e+20
94070.0,0.0
94071.0,1e+20
94072.0,0.0
94073.0,1e+20
94074.0,4.547473508864641e-13
94075.0,1e+20
94076.0,0.0
94077.0,1e+20
94078.0,1e+20
94079.0,0.0
94080.0,1e+20
94081.0,0.0
94082.0,1e+20
94083.0,0.0
94084.0,1e+20
94085.0,1e+20
94086.0,1e+20
94087.0,1e+20
94088.0,0.0
94089.0,0.0
94090.0,1e+20
94091.0,0.0
94092.0,1e+20
94093.0,0.0
94094.0,1e+20
94095.0,1e+20
94096.0,0.0
94097.0,1e+20
94098.0,1e+20
94099.0,1e+20
94100.0,0.0
94101.0,1e+20
94102.0,0.0
94103.0,1e+20
94104.0,1e+20
94105.0,0.0
94106.0,1e+20
94107.0,0.0
94108.0,0.0
94109.0,0.0
94110.0,1e+20
94111.0,1e+20
94112.0,0.0
94113.0,1e+20
94114.0,0.0
94115.0,0.0
94116.0,1e+20
94117.0,1e+20
94118.0,0.0
94119.0,0.0
94120.0,1e+20
94121.0,1e+20
94122.0,1e+20
94123.0,1e+20
94124.0,0.0
94125.0,1e+20
94126.0,1e+20
94127.0,1e+20
94128.0,0.0
94129.0,0.0
94130.0,0.0
94131.0,0.0
94132.0,1e+20
94133.0,1e+20
94134.0,0.0
94135.0,1e+20
94136.0,0.0
94137.0,1e+20
94138.0,1e+20
94139.0,1e+20
94140.0,1e+20
94141.0,0.0
94142.0,0.0
94143.0,0.0
94144.0,0.0
94145.0,0.0
94146.0,0.0
94147.0,1e+20
94148.0,0.0
94149.0,0.0
94150.0,0.0
94151.0,0.0
94152.0,1e+20
94153.0,0.0
94154.0,1e+20
94155.0,1e+20
94156.0,0.0
94157.0,0.0
94158.0,1e+20
94159.0,0.0
94160.0,1e+20
94161.0,0.0
94162.0,1e+20
94163.0,1e+20
94164.0,1.1860163030978583
94165.0,1e+20
94166.0,1e+20
94167.0,1e+20
94168.0,1e+20
94169.0,0.0
94170.0,1e+20
94171.0,1e+20
94172.0,1.6284360787776677
94173.0,1e+20
94174.0,1e+20
94175.0,1e+20
94176.0,1e+20
94177.0,0.0
94178.0,1e+20
94179.0,1e+20
94180.0,0.0
94181.0,0.0
94182.0,0.0
94183.0,0.0
94184.0,1e+20
94185.0,0.0
94186.0,1e+20
94187.0,0.0
94188.0,0.14425401250036884
94189.0,1e+20
94190.0,1e+20
94191.0,0.0
94192.0,0.0
94193.0,0.0
94194.0,0.0
94195.0,0.0
94196.0,1e+20
94197.0,1e+20
94198.0,0.0
94199.0,0.0
94200.0,0.0
94201.0,1e+20
94202.0,1e+20
94203.0,0.0
94204.0,0.0
94205.0,0.0
94206.0,1e+20
94207.0,0.0
94208.0,0.0
94209.0,1e+20
94210.0,1e+20
94211.0,1e+20
94212.0,0.0
94213.0,1e+20
94214.0,0.0
94215.0,0.0
94216.0,1e+20
94217.0,1.6761765930859838
94218.0,1e+20
94219.0,1e+20
94220.0,1e+20
94221.0,1e+20
94222.0,0.0
94223.0,1e+20
94224.0,1e+20
94225.0,1e+20
94226.0,-4.547473508864641e-13
94227.0,1e+20
94228.0,0.0
94229.0,1e+20
94230.0,1e+20
94231.0,0.0
94232.0,0.0
94233.0,0.0
94234.0,1e+20
94235.0,1e+20
94236.0,0.0
94237.0,0.0
94238.0,1e+20
94239.0,0.0
94240.0,1e+20
94241.0,1e+20
94242.0,1e+20
94243.0,1e+20
94244.0,1e+20
94245.0,1e+20
94246.0,0.0
94247.0,0.0
94248.0,0.0
94249.0,0.0
94250.0,1e+20
94251.0,-4.547473508864641e-13
94252.0,1e+20
94253.0,1e+20
94254.0,0.0
94255.0,0.0
94256.0,0.0
94257.0,1e+20
94258.0,1e+20
94259.0,0.0
94260.0,0.0
94261.0,1e+20
94262.0,0.0
94263.0,1e+20
94264.0,1e+20
94265.0,0.0
94266.0,1e+20
94267.0,1e+20
94268.0,1e+20
94269.0,1e+20
94270.0,0.0
94271.0,1e+20
94272.0,0.0
94273.0,0.0
94274.0,1e+20
94275.0,1e+20
94276.0,1e+20
94277.0,1e+20
94278.0,0.0
94279.0,1e+20
94280.0,1e+20
94281.0,1e+20
94282.0,1e+20
94283.0,1e+20
94284.0,1e+20
94285.0,1e+20
94286.0,0.0
94287.0,1e+20
94288.0,0.0
94289.0,0.0
94290.0,0.0
94291.0,1e+20
94292.0,1e+20
94293.0,1e+20
94294.0,1e+20
94295.0,1e+20
94296.0,1e+20
94297.0,1e+20
94298.0,1e+20
94299.0,0.0
94300.0,0.0
94301.0,1e+20
94302.0,1e+20
94303.0,1e+20
94304.0,0.0
94305.0,0.0
94306.0,0.0
94307.0,1e+20
94308.0,1e+20
94309.0,1e+20
94310.0,1e+20
94311.0,0.0
94312.0,0.0
94313.0,1e+20
94314.0,1e+20
94315.0,1e+20
94316.0,0.0
94317.0,1e+20
94318.0,1e+20
94319.0,0.0
94320.0,1.8556119654108443
94321.0,1e+20
94322.0,1e+20
94323.0,1e+20
94324.0,1e+20
94325.0,1e+20
94326.0,1e+20
94327.0,0.0
94328.0,1e+20
94329.0,0.0
94330.0,0.0
94331.0,1e+20
94332.0,0.0
94333.0,0.0
94334.0,1e+20
94335.0,1e+20
94336.0,1e+20
94337.0,0.0
94338.0,0.0
94339.0,0.0
94340.0,0.04351728601614013
94341.0,1e+20
94342.0,1e+20
94343.0,0.0
94344.0,1e+20
94345.0,0.0
94346.0,0.0
94347.0,1e+20
94348.0,1e+20
94349.0,1e+20
94350.0,0.0
94351.0,1e+20
94352.0,1e+20
94353.0,1e+20
94354.0,1e+20
94355.0,1e+20
94356.0,1e+20
94357.0,0.0
94358.0,0.0
94359.0,0.0
94360.0,0.0
94361.0,0.0
94362.0,0.0
94363.0,0.0
94364.0,0.0
94365.0,0.7664341058093669
94366.0,1e+20
94367.0,1e+20
94368.0,1e+20
94369.0,0.0
94370.0,1e+20
94371.0,1e+20
94372.0,0.0
94373.0,0.0
94374.0,0.0
94375.0,0.0
94376.0,0.0
94377.0,4.547473508864641e-13
94378.0,0.0
94379.0,0.0
94380.0,1e+20
94381.0,1e+20
94382.0,1e+20
94383.0,1e+20
94384.0,1e+20
94385.0,0.0
94386.0,0.0
94387.0,0.0
94388.0,1e+20
94389.0,1e+20
94390.0,0.0
94391.0,1e+20
94392.0,0.0
94393.0,0.0
94394.0,0.0
94395.0,1e+20
94396.0,1e+20
94397.0,1e+20
94398.0,0.0
94399.0,0.0
94400.0,0.0
94401.0,-9.094947017729282e-13
94402.0,0.0
94403.0,0.0
94404.0,1e+20
94405.0,4.547473508864641e-13
94406.0,1e+20
94407.0,0.0
94408.0,0.0
94409.0,1e+20
94410.0,0.0
94411.0,0.0
94412.0,1e+20
94413.0,0.364478332041017
94414.0,1e+20
94415.0,0.0
94416.0,0.0
94417.0,0.0
94418.0,0.0
94419.0,0.0
94420.0,0.0
94421.0,0.0
94422.0,1e+20
94423.0,1e+20
94424.0,0.0
94425.0,0.0
94426.0,0.0
94427.0,1e+20
94428.0,0.0
94429.0,1e+20
94430.0,0.0
94431.0,1e+20
94432.0,1e+20
94433.0,1e+20
94434.0,1e+20
94435.0,1e+20
94436.0,0.0
94437.0,0.0
94438.0,0.0
94439.0,0.0
94440.0,0.0
94441.0,1e+20
94442.0,1e+20
94443.0,1e+20
94444.0,1e+20
94445.0,1e+20
94446.0,1e+20
94447.0,-4.547473508864641e-13
94448.0,0.0
94449.0,0.0
94450.0,0.6504246267836606
94451.0,1e+20
94452.0,1e+20
94453.0,1e+20
94454.0,0.0
94455.0,1.648527043091235
94456.0,1e+20
94457.0,1e+20
94458.0,1e+20
94459.0,1e+20
94460.0,0.0
94461.0,0.0
94462.0,0.0
94463.0,0.0
94464.0,0.0
94465.0,0.0
94466.0,1e+20
94467.0,1e+20
94468.0,1e+20
94469.0,0.0
94470.0,0.0
94471.0,0.0
94472.0,1e+20
94473.0,0.0
94474.0,0.0
94475.0,1e+20
94476.0,1e+20
94477.0,0.0
94478.0,0.0
94479.0,0.0
94480.0,1e+20
94481.0,1e+20
94482.0,0.0
94483.0,1e+20
94484.0,0.0
94485.0,1e+20
94486.0,1e+20
94487.0,0.0
94488.0,1e+20
94489.0,0.0
94490.0,1e+20
94491.0,0.0
94492.0,1e+20
94493.0,0.0
94494.0,0.0
94495.0,1e+20
94496.0,1e+20
94497.0,1e+20
94498.0,0.0
94499.0,1e+20
94500.0,0.0
94501.0,1e+20
94502.0,0.0
94503.0,0.0
94504.0,1e+20
94505.0,1e+20
94506.0,0.0
94507.0,1.2286893411128403
94508.0,1e+20
94509.0,1e+20
94510.0,1.7922537562603793
94511.0,1e+20
94512.0,1e+20
94513.0,0.0
94514.0,1e+20
94515.0,0.0
94516.0,1e+20
94517.0,0.0
94518.0,1e+20
94519.0,0.0
94520.0,0.0
94521.0,1e+20
94522.0,1e+20
94523.0,0.0
94524.0,0.0
94525.0,0.0
94526.0,1e+20
94527.0,0.0
94528.0,1e+20
94529.0,1e+20
94530.0,0.0
94531.0,1e+20
94532.0,1e+20
94533.0,1e+20
94534.0,0.0
94535.0,0.0
94536.0,1e+20
94537.0,1e+20
94538.0,1e+20
94539.0,1e+20
94540.0,0.0
94541.0,0.0
94542.0,0.0
94543.0,1e+20
94544.0,0.0
94545.0,-9.094947017729282e-13
94546.0,1e+20
94547.0,1e+20
94548.0,0.0
94549.0,0.0
94550.0,1.3095700209019014
94551.0,1e+20
94552.0,1e+20
94553.0,0.0
94554.0,1e+20
94555.0,1e+20
94556.0,0.0
94557.0,0.0
94558.0,1e+20
94559.0,0.0
94560.0,0.0
94561.0,1e+20
94562.0,1e+20
94563.0,1e+20
94564.0,1e+20
94565.0,1e+20
94566.0,0.0
94567.0,0.0
94568.0,0.0
94569.0,1e+20
94570.0,1e+20
94571.0,1e+20
94572.0,1e+20
94573.0,0.0
94574.0,0.0
94575.0,0.0
94576.0,0.0
94577.0,0.0
94578.0,0.0
94579.0,1e+20
94580.0,0.0
94581.0,1e+20
94582.0,0.0
94583.0,1e+20
94584.0,1e+20
94585.0,1e+20
94586.0,0.0
94587.0,0.0
94588.0,1.3513148143065337
94589.0,1e+20
94590.0,1e+20
94591.0,1e+20
94592.0,0.0
94593.0,0.537374594845005
94594.0,1e+20
94595.0,1e+20
94596.0,1e+20
94597.0,1e+20
94598.0,0.0
94599.0,4.547473508864641e-13
94600.0,0.0
94601.0,0.0
94602.0,0.0
94603.0,1e+20
94604.0,0.0
94605.0,1.6687839044152497
94606.0,1e+20
94607.0,1e+20
94608.0,1e+20
94609.0,0.0
94610.0,1e+20
94611.0,1e+20
94612.0,1e+20
94613.0,1e+20
94614.0,1e+20
94615.0,1e+20
94616.0,1e+20
94617.0,0.0
94618.0,1e+20
94619.0,1e+20
94620.0,0.0
94621.0,0.0
94622.0,0.0
94623.0,0.0
94624.0,0.0
94625.0,0.0
94626.0,0.0
94627.0,0.0
94628.0,1e+20
94629.0,0.0
94630.0,0.0
94631.0,1e+20
94632.0,0.0
94633.0,1e+20
94634.0,1e+20
94635.0,1e+20
94636.0,1e+20
94637.0,0.0
94638.0,0.0
94639.0,0.0
94640.0,1e+20
94641.0,1e+20
94642.0,0.0
94643.0,0.0
94644.0,1e+20
94645.0,1e+20
94646.0,0.0
94647.0,0.0
94648.0,1e+20
94649.0,1e+20
94650.0,0.0
94651.0,0.0
94652.0,4.547473508864641e-13
94653.0,0.0
94654.0,9.094947017729282e-13
94655.0,0.0
94656.0,1e+20
94657.0,1e+20
94658.0,0.0
94659.0,0.0
94660.0,1e+20
94661.0,0.0
94662.0,0.0
94663.0,1e+20
94664.0,1e+20
94665.0,0.0
94666.0,0.0
94667.0,1e+20
94668.0,0.0
94669.0,0.0
94670.0,0.0
94671.0,0.0
94672.0,1e+20
94673.0,1e+20
94674.0,1e+20
94675.0,0.0
94676.0,1e+20
94677.0,0.0
94678.0,1e+20
94679.0,1e+20
94680.0,1e+20
94681.0,1e+20
94682.0,1e+20
94683.0,0.0
94684.0,1e+20
94685.0,1e+20
94686.0,0.0
94687.0,1e+20
94688.0,1e+20
94689.0,1e+20
94690.0,0.0
94691.0,0.0
94692.0,1e+20
94693.0,1e+20
94694.0,0.0
94695.0,0.0
94696.0,1e+20
94697.0,0.0
94698.0,0.0
94699.0,1e+20
94700.0,0.0
94701.0,0.0
94702.0,1e+20
94703.0,1e+20
94704.0,1e+20
94705.0,0.0
94706.0,1e+20
94707.0,0.0
94708.0,0.0
94709.0,1e+20
94710.0,1e+20
94711.0,1e+20
94712.0,1e+20
94713.0,1e+20
94714.0,0.0
94715.0,0.0
94716.0,0.0
94717.0,1e+20
94718.0,1e+20
94719.0,1e+20
94720.0,0.0
94721.0,0.0
94722.0,-1.8189894035458565e-12
94723.0,1e+20
94724.0,0.0
94725.0,0.0
94726.0,0.0
94727.0,0.0
94728.0,0.0
94729.0,0.0
94730.0,0.0
94731.0,1e+20
94732.0,1e+20
94733.0,1e+20
94734.0,1e+20
94735.0,1e+20
94736.0,1e+20
94737.0,0.0
94738.0,0.0
94739.0,0.0
94740.0,0.0
94741.0,1e+20
94742.0,0.0
94743.0,1e+20
94744.0,-4.547473508864641e-13
94745.0,1e+20
94746.0,0.0
94747.0,0.0
94748.0,0.0
94749.0,0.0
94750.0,0.0
94751.0,0.4176124628729667
94752.0,1e+20
94753.0,1e+20
94754.0,1e+20
94755.0,1e+20
94756.0,0.0
94757.0,0.0
94758.0,1e+20
94759.0,1e+20
94760.0,1e+20
94761.0,1e+20
94762.0,0.0
94763.0,4.547473508864641e-13
94764.0,1e+20
94765.0,1e+20
94766.0,0.0
94767.0,0.0
94768.0,1e+20
94769.0,1e+20
94770.0,0.0
94771.0,0.0
94772.0,0.0
94773.0,1e+20
94774.0,0.0
94775.0,0.0
94776.0,0.0
94777.0,0.0
94778.0,1e+20
94779.0,0.0
94780.0,1e+20
94781.0,0.0
94782.0,1e+20
94783.0,1e+20
94784.0,1e+20
94785.0,0.0
94786.0,-1.8189894035458565e-12
94787.0,0.0
94788.0,1e+20
94789.0,1e+20
94790.0,-4.547473508864641e-13
94791.0,1e+20
94792.0,0.0
94793.0,1e+20
94794.0,1e+20
94795.0,0.47717138425741723
94796.0,1e+20
94797.0,1e+20
94798.0,0.0
94799.0,0.0
94800.0,0.0
94801.0,1e+20
94802.0,1e+20
94803.0,1e+20
94804.0,1e+20
94805.0,1e+20
94806.0,1e+20
94807.0,1e+20
94808.0,0.0
94809.0,0.0
94810.0,0.342129488817136
94811.0,1e+20
94812.0,1e+20
94813.0,1e+20
94814.0,0.0
94815.0,1e+20
94816.0,1e+20
94817.0,1e+20
94818.0,0.0
94819.0,0.0
94820.0,0.0
94821.0,0.0
94822.0,0.0
94823.0,1e+20
94824.0,0.0
94825.0,0.0
94826.0,0.0
94827.0,0.0
94828.0,0.0
94829.0,1e+20
94830.0,1e+20
94831.0,0.0
94832.0,1e+20
94833.0,1.7846993342791393
94834.0,1e+20
94835.0,1e+20
94836.0,1e+20
94837.0,1e+20
94838.0,0.0
94839.0,1e+20
94840.0,1e+20
94841.0,1e+20
94842.0,1e+20
94843.0,0.0
94844.0,0.0
94845.0,0.0
94846.0,1e+20
94847.0,0.0371620153805452
94848.0,1e+20
94849.0,1e+20
94850.0,1e+20
94851.0,0.0
94852.0,1.8979690717487756
94853.0,1e+20
94854.0,1e+20
94855.0,1e+20
94856.0,0.0
94857.0,0.0
94858.0,0.0
94859.0,1e+20
94860.0,1e+20
94861.0,0.0
94862.0,1e+20
94863.0,0.0
94864.0,1e+20
94865.0,0.0
94866.0,1e+20
94867.0,1e+20
94868.0,0.5789639623126277
94869.0,1e+20
94870.0,1e+20
94871.0,1e+20
94872.0,1e+20
94873.0,1e+20
94874.0,1.3407387289516919
94875.0,1e+20
94876.0,1e+20
94877.0,1e+20
94878.0,1e+20
94879.0,0.0
94880.0,0.0
94881.0,0.0
94882.0,0.0
94883.0,0.0
94884.0,0.0
94885.0,0.0
94886.0,0.0
94887.0,0.0
94888.0,4.547473508864641e-13
94889.0,1e+20
94890.0,1e+20
94891.0,1e+20
94892.0,0.0
94893.0,1e+20
94894.0,1e+20
94895.0,0.0
94896.0,0.0
94897.0,0.0
94898.0,1e+20
94899.0,1e+20
94900.0,1e+20
94901.0,0.0
94902.0,1e+20
94903.0,0.0
94904.0,1e+20
94905.0,1e+20
94906.0,0.0
94907.0,0.0
94908.0,0.0
94909.0,0.0
94910.0,0.0
94911.0,1.689402924996557
94912.0,1e+20
94913.0,0.0
94914.0,1e+20
94915.0,0.0
94916.0,1e+20
94917.0,1e+20
94918.0,1e+20
94919.0,0.0
94920.0,0.0
94921.0,0.0
94922.0,0.0
94923.0,0.0
94924.0,0.0
94925.0,1e+20
94926.0,1e+20
94927.0,0.0
94928.0,1e+20
94929.0,0.0
94930.0,1e+20
94931.0,1e+20
94932.0,0.0
94933.0,0.0
94934.0,0.0
94935.0,0.0
94936.0,0.0
94937.0,0.0
94938.0,1e+20
94939.0,0.0
94940.0,1e+20
94941.0,1e+20
94942.0,1e+20
94943.0,1e+20
94944.0,1e+20
94945.0,0.0
94946.0,1e+20
94947.0,0.0
94948.0,1e+20
94949.0,0.0
94950.0,1e+20
94951.0,1e+20
94952.0,0.0
94953.0,0.0
94954.0,0.0
94955.0,1e+20
94956.0,0.0
94957.0,1.4638463367355143
94958.0,1e+20
94959.0,0.0
94960.0,1e+20
94961.0,0.0
94962.0,0.9759691031326838
94963.0,1e+20
94964.0,1e+20
94965.0,1e+20
94966.0,0.0
94967.0,0.0
94968.0,0.0
94969.0,0.0
94970.0,1e+20
94971.0,0.0
94972.0,0.0
94973.0,1e+20
94974.0,1e+20
94975.0,1e+20
94976.0,0.0
94977.0,0.0
94978.0,0.0
94979.0,0.0
94980.0,0.7902692635307176
94981.0,0.0
94982.0,0.0
94983.0,1e+20
94984.0,1e+20
94985.0,1.1218498188663943
94986.0,1e+20
94987.0,1e+20
94988.0,0.0
94989.0,0.0
94990.0,1e+20
94991.0,0.0
94992.0,0.8143200474423793
94993.0,1e+20
94994.0,1e+20
94995.0,1e+20
94996.0,0.0
94997.0,1e+20
94998.0,0.0
94999.0,0.0
95000.0,0.0
